1.0000 6.2035 7.8740 9.9404 11.4877 9.9651 10.8873 14.2146 14.5666 13.8696 15.4321 16.0000 15.9744 15.9744 16.1420 16.1420 16.1290 16.1681 16.1551 16.1812 16.1812 16.1812 16.1812 16.1812 16.1943 16.1943 16.1681 16.1551 16.1812 16.1551 16.1420 16.1551 16.1551 16.0901 16.1031 16.0385 16.1420 16.1031 16.0772 16.1290 16.1290 16.1031 16.1160 16.1551 16.1551 16.1031 16.1290 16.1290 16.1290 16.1420 16.1551 16.1420 16.1551 16.1551 16.1681 16.1551 16.1420 16.1420 16.1551 16.1420 16.1420 16.1551 16.1551 16.1420 16.1290 16.1420 16.1420 16.1551 16.1420 16.1290 16.1420 16.1290 16.1031 16.1031 16.1290 16.1290 16.0643 16.1290 16.1031 16.0643 16.0385 15.9744 15.0602 15.1515 15.8353 14.7493 12.0627 14.0548 14.7167 11.0619 9.8668 13.4228 12.5865 9.3809 11.3314 13.3869 12.6662 12.5945 11.6822 13.2626 13.7174 13.3690 14.4404 15.2323 15.0830 15.3965 15.9236 16.0643 16.0772 16.0901 16.1420 16.1551 16.1420 16.1290 16.1420 16.1812 15.9872
6.2035 1.0000 5.6834 7.5075 8.7070 5.9259 6.3291 10.5263 10.7296 9.4340 12.0409 14.6092 14.3472 14.5985 15.8730 16.0772 16.0772 16.1031 16.1290 16.1681 16.1812 16.1551 16.1812 16.1812 16.1812 16.1681 16.1420 16.1420 16.1681 16.1290 16.0385 16.1290 16.1290 15.9236 15.9236 15.9617 16.1031 16.0901 15.9872 16.0772 16.1290 16.0643 16.0643 16.1420 16.1551 16.0772 16.1031 16.1551 16.1160 16.1290 16.1420 16.1160 16.1290 16.1290 16.1160 16.0772 16.1031 16.1290 16.1290 16.0901 16.1290 16.1290 16.1160 16.0901 16.1160 16.1160 16.1160 16.1031 16.0901 16.0643 16.1031 16.0772 15.9490 16.0385 16.1290 15.9872 15.8479 16.0901 16.1160 16.0385 15.7480 15.3728 12.7959 13.4589 14.4196 11.4811 8.3752 11.5540 11.9119 7.1327 7.3611 11.5009 10.3681 7.8125 11.0558 13.1062 12.2926 11.8064 10.5152 12.4688 12.3305 10.6781 12.7551 14.1743 13.2538 13.7268 15.4083 15.7356 15.6250 15.8983 16.1031 16.1031 16.0514 16.1031 16.1420 16.1551 16.0772
7.8740 5.6834 1.0000 5.7029 5.7094 5.2138 7.0077 9.1075 9.7561 10.7585 12.7714 14.5560 15.4799 16.0000 16.1290 16.1290 16.1290 16.1290 16.1551 16.1551 16.1551 16.1551 16.1551 16.1551 16.1681 16.1551 16.1420 16.1290 16.1551 16.1290 16.1160 16.1290 16.1031 15.9872 16.0128 15.9744 16.1031 16.0772 16.0128 16.1420 16.1160 16.0772 16.1160 16.1290 16.1290 16.1160 16.1290 16.1290 16.1420 16.1290 16.1420 16.1290 16.1290 16.1420 16.1290 16.1290 16.1290 16.1031 16.1290 16.1290 16.1031 16.1290 16.1290 16.1290 16.1290 16.1290 16.1290 16.1551 16.1290 16.1290 16.1290 16.1420 16.1420 16.1160 16.1420 16.1420 16.0643 16.1290 16.1290 16.0514 16.0385 15.9109 13.7363 14.9254 15.8730 13.6519 10.7991 14.6306 15.1745 10.7411 11.0558 15.1286 14.2450 11.6347 14.1643 15.4919 14.9031 14.4092 12.7065 14.5138 14.5985 13.1839 14.4196 15.6372 15.3492 15.3257 16.0000 16.1031 16.0901 16.1031 16.1420 16.1290 16.1160 16.1160 16.1290 16.1551 16.0901
9.9404 7.5075 5.7029 1.0000 5.6322 6.9517 5.5540 6.3311 9.5283 10.5152 10.4987 12.8123 15.1172 15.6128 15.9744 16.0901 16.1160 16.1420 16.1290 16.1551 16.1551 16.1420 16.1420 16.1290 16.1551 16.1420 16.1290 16.1160 16.1290 16.0901 16.1160 16.1031 16.0772 15.9617 16.0385 16.0256 16.1160 16.1031 16.0256 16.1031 16.0901 16.0772 16.0772 16.1160 16.1031 16.0772 16.0901 16.1031 16.1031 16.1160 16.1160 16.1031 16.1031 16.1031 16.1031 16.0901 16.0901 16.0901 16.0901 16.1031 16.0772 16.0901 16.0772 16.0901 16.0901 16.0901 16.1031 16.1031 16.1031 16.0901 16.0772 16.0643 16.0643 16.0643 16.0772 15.9744 15.8353 16.0128 15.9872 15.6250 15.1630 14.6735 10.7527 12.6743 14.9589 12.0337 9.2550 13.5685 14.7167 10.6781 11.4220 15.3374 15.0263 13.1752 15.1860 15.9236 15.6495 15.3610 14.0548 15.4083 15.4560 13.8889 14.9254 15.8228 15.5642 15.2905 15.9363 16.0643 16.0256 16.0128 16.0772 16.1031 16.0643 16.0643 16.0901 16.1420 16.0901
11.4877 8.7070 5.7094 5.6322 1.0000 5.5897 7.0746 5.7954 6.6667 9.8280 10.7585 10.9649 13.1752 15.3492 15.8856 16.0901 16.1031 16.1290 16.1031 16.1290 16.1290 16.1290 16.1290 16.1290 16.1290 16.1290 16.1160 16.1031 16.1031 16.0901 16.0643 16.1290 16.0901 15.6863 15.9617 15.8856 16.1290 16.0385 15.8604 16.1160 16.1031 16.0385 16.0514 16.1031 16.0772 16.0514 16.0772 16.0901 16.0901 16.0901 16.0901 16.1031 16.0901 16.0772 16.1031 16.0901 16.0772 16.0772 16.0772 16.0772 16.0772 16.0901 16.0772 16.0901 16.0901 16.1031 16.1031 16.1160 16.1031 16.0901 16.0772 16.0901 16.1031 16.0772 16.1031 16.1031 16.0385 16.0643 16.0772 15.9744 15.9744 15.6617 12.7389 15.2672 16.0000 13.6054 11.9976 15.7480 15.7978 12.5392 14.0548 16.1031 15.6863 14.3781 15.7233 16.0256 15.8983 15.6372 14.5033 15.5885 15.4560 13.8600 14.8478 15.9109 15.7729 15.4083 16.0128 16.0772 16.0772 16.0385 16.0772 16.0772 16.0643 16.0772 16.0772 16.1031 16.0772
9.9651 5.9259 5.2138 6.9517 5.5897 1.0000 5.5448 7.1788 5.5279 6.3837 9.6154 10.6781 10.7527 12.8535 15.1630 15.7978 16.0128 16.0643 16.1031 16.1031 16.1031 16.1031 16.1031 16.1031 16.1290 16.1031 16.0901 16.1031 16.0901 16.0000 15.6986 16.0643 15.9109 14.7275 15.0489 15.3846 16.0000 15.9236 15.4799 15.9236 16.0514 15.9363 15.8479 16.0772 16.0385 15.9744 16.0256 16.0772 16.0643 16.0772 16.0901 16.0643 16.0772 16.0901 16.0772 16.0643 16.0643 16.0643 16.0772 16.0772 16.0772 16.0901 16.0772 16.0643 16.0772 16.0772 16.0772 16.1031 16.0772 16.0772 16.0772 16.0772 16.0256 16.0385 16.0772 16.0514 15.9363 16.1031 16.1031 16.0385 15.8604 15.0263 11.9474 14.4196 15.0037 10.6045 9.4832 13.9276 13.2450 8.4282 10.8696 14.6520 12.7877 11.0011 14.1044 15.2555 14.4613 13.1579 11.8064 13.4138 12.6823 9.7847 12.0919 14.3472 13.2714 12.8700 15.1860 15.8353 15.5159 15.8353 16.0514 16.0643 16.0128 16.0643 16.0772 16.0901 16.0772
10.8873 6.3291 7.0077 5.5540 7.0746 5.5448 1.0000 5.5602 7.1403 5.5310 6.0938 9.6108 10.5988 10.3359 12.5628 15.0830 15.6863 15.9490 16.0643 16.0772 16.1031 16.1160 16.1160 16.1290 16.1290 16.1031 16.0772 16.1031 16.0901 16.0000 15.7604 16.0772 16.0514 15.2555 15.5521 15.8228 16.1031 16.1031 15.8730 16.0772 16.0772 16.0643 15.9236 16.0772 16.0772 16.0256 16.0000 16.0643 16.0643 16.0901 16.0901 16.0772 16.0772 16.1031 16.0772 16.0128 16.0772 16.0772 16.0643 16.0000 16.0772 16.0901 16.0643 15.9744 16.0643 16.0643 16.0128 16.0514 16.0772 15.9744 16.0514 15.9490 15.2672 15.8103 15.9872 15.0830 14.6735 15.8228 15.7109 14.9365 13.2013 10.9170 7.0323 9.6154 10.7181 6.3755 5.3850 9.9354 9.8814 6.0496 8.7336 12.6582 11.4679 11.0558 14.4404 15.5039 14.9925 13.4048 12.8041 14.3369 13.4680 9.9354 12.5865 14.3678 11.8694 11.5607 14.8038 15.2905 14.0746 15.3257 16.0000 16.0000 15.8856 16.0385 16.1031 16.0901 16.0901
14.2146 10.5263 9.1075 6.3311 5.7954 7.1788 5.5602 1.0000 5.5218 7.1403 5.5264 6.3553 9.6899 10.6496 10.6045 12.8949 15.2555 15.7729 15.9872 16.0772 16.0901 16.1031 16.1031 16.0901 16.1031 16.0772 16.0772 16.1031 16.0901 16.0128 15.8983 16.1420 16.0385 14.8258 15.7480 15.8730 16.1290 16.0901 15.9617 16.1160 16.1290 16.0385 15.9744 16.0772 16.0772 16.0514 16.0514 16.0772 16.0772 16.0901 16.0772 16.0772 16.0772 16.0772 16.0901 16.0772 16.0772 16.0772 16.0901 16.0901 16.1031 16.0772 16.0772 16.0901 16.0901 16.0901 16.0901 16.1031 16.0772 16.0772 16.0772 16.0772 15.9490 15.9744 16.0514 15.6617 15.3374 15.8730 15.7233 14.8478 13.7363 11.6212 7.6075 11.5674 13.3601 9.3023 9.0785 14.1143 14.2248 10.8578 13.6426 15.9744 15.4321 15.0489 16.0128 16.1031 16.0901 15.7978 15.1860 15.8856 15.6250 13.1234 14.6843 15.9363 14.8038 13.8313 15.7729 16.0256 15.5521 15.8479 16.0643 16.0901 16.0385 16.0643 16.0772 16.0772 16.0643
14.5666 10.7296 9.7561 9.5283 6.6667 5.5279 7.1403 5.5218 1.0000 5.4795 7.1942 5.5586 6.3391 9.7040 10.7296 10.7411 12.9618 15.2207 15.8353 16.0772 16.0643 16.0000 16.1031 16.0643 16.1160 16.0772 15.9617 16.0901 16.0901 15.1515 14.5243 15.7978 14.9477 11.7994 13.6612 14.7929 15.8479 15.8604 15.1630 15.7109 16.0256 15.7978 15.5642 15.9872 16.0385 15.9363 15.9490 16.0514 16.0256 16.0643 16.0514 16.0772 16.0772 16.0772 16.0772 16.0772 16.0901 16.0643 16.0772 16.0772 16.1031 16.0772 16.0772 16.0772 16.0901 16.1031 16.1031 16.1031 16.0901 16.0772 16.0901 16.1031 16.0128 16.0643 16.1290 16.0514 15.7233 16.0643 16.0772 15.9236 15.6250 13.3245 10.8696 14.9142 14.9142 10.2145 11.4286 15.4799 14.3988 11.1669 14.6735 15.9363 15.0263 14.7601 15.9236 16.0514 15.8856 15.0602 14.3369 15.1860 14.3988 11.2486 12.8700 15.0830 13.9373 12.7307 15.2555 15.8730 15.1172 15.5279 16.0643 16.0385 15.9744 16.0514 16.0772 16.0643 16.0643
13.8696 9.4340 10.7585 10.5152 9.8280 6.3837 5.5310 7.1403 5.4795 1.0000 5.4451 7.1429 5.5310 6.2170 9.6293 10.6270 10.5208 12.6024 15.1400 15.9236 15.9617 15.7480 16.0514 16.0514 16.0901 16.0256 15.2672 15.8604 15.9872 14.2552 12.7796 15.4202 15.0943 11.8203 13.0378 15.1172 15.9109 15.8856 14.8920 15.2788 15.9872 15.7480 15.0150 15.8479 15.9872 15.7604 15.6863 16.0128 16.0128 16.0514 16.0514 16.0000 16.0385 16.0643 16.0256 15.8604 16.0256 16.0385 15.9744 15.7853 16.0385 16.0514 15.9744 15.8479 16.0256 16.0385 15.9109 15.9490 16.0256 15.7729 16.0643 15.9490 14.6199 15.6986 16.0901 15.0376 14.0647 15.8730 15.8730 15.1976 13.9082 10.0351 8.5763 11.7578 10.4548 5.6386 8.1301 11.5741 9.3240 6.9132 11.4090 13.4138 11.2423 12.4146 15.2439 15.5400 14.9031 12.6904 12.8370 13.5501 11.7925 7.5216 10.1368 12.0919 9.3941 8.3822 12.6024 13.4228 11.3250 13.4228 15.3846 15.1400 14.8148 15.7853 16.0128 15.9617 16.0000
15.4321 12.0409 12.7714 10.4987 10.7585 9.6154 6.0938 5.5264 7.1942 5.4451 1.0000 5.4377 7.1023 5.4422 6.1958 9.6154 10.5541 10.3627 12.5707 15.2439 15.7109 15.7109 16.0901 16.0643 16.1290 16.0643 15.4560 16.0643 16.1420 15.0716 14.4300 16.1551 15.9872 13.8600 15.1976 16.1031 16.1551 16.1551 15.9490 16.0514 16.1290 16.0901 15.8982 16.1160 16.0772 15.9872 15.9490 16.0385 16.0256 16.0514 16.0643 15.9744 16.0000 16.0643 15.9744 15.7233 16.0000 16.0385 15.9236 15.6495 16.0128 16.0514 15.9490 15.8103 16.0256 16.0256 15.8983 15.9363 16.0000 15.5159 15.9109 15.6128 13.3958 14.4928 15.4083 12.9032 11.3830 14.3678 13.8217 11.8483 10.0806 5.9435 4.6147 8.6244 8.2203 4.6115 7.1968 11.0375 9.9850 8.8028 12.8452 14.7493 13.9860 15.1172 16.0901 16.1160 16.0128 15.1172 15.2905 15.7356 14.8038 11.2613 13.5962 14.8038 11.5808 10.6101 14.3988 14.6199 11.8483 13.8600 15.7356 15.3139 14.8038 15.8479 16.0643 15.9872 16.0385
16.0000 14.6092 14.5560 12.8123 10.9649 10.6781 9.6108 6.3553 5.5586 7.1429 5.4377 1.0000 5.3850 7.1505 5.5340 6.4185 9.7513 10.7875 10.7991 13.1062 14.9031 15.1860 16.0514 16.0901 16.0901 15.8479 15.2091 15.9872 15.9109 13.4771 13.8026 15.8983 14.7384 11.4351 14.1643 15.5763 16.0514 16.1031 15.6128 15.7109 16.1031 16.0385 15.7480 16.0643 16.0772 15.9363 15.8730 16.0385 16.0000 16.0256 16.0385 15.9744 16.0256 16.0514 16.0643 16.0128 16.0514 16.0772 16.0901 16.0385 16.0772 16.0901 16.0901 16.0643 16.0772 16.0901 16.1031 16.1031 16.1290 16.0514 16.1160 16.1420 15.6617 15.6986 16.1160 15.5885 14.2450 15.6863 15.5763 14.1844 13.5227 9.7135 8.5361 13.3245 13.1234 9.5283 12.2926 15.6495 14.4613 13.2450 15.8604 16.0643 15.8604 16.0256 16.0772 16.1031 16.1290 15.8856 15.8983 16.0256 15.7729 13.6054 14.9031 15.9872 14.6951 13.2450 15.6617 16.0514 14.5455 15.0943 16.0514 16.0128 15.6863 16.0128 16.0643 16.0772 16.0514
15.9744 14.3472 15.4799 15.1172 13.1752 10.7527 10.5988 9.6899 6.3391 5.5310 7.1023 5.3850 1.0000 5.3821 7.1098 5.5279 6.4020 9.6759 10.9769 11.5741 12.8700 12.9116 15.4919 15.6372 15.8604 14.2146 12.0337 14.1044 14.0252 9.7135 9.4922 13.2188 11.8203 7.8462 10.7239 13.8217 15.2905 15.7233 13.9373 13.7457 15.6863 15.5642 14.1044 15.2439 15.8604 15.3965 15.0037 15.8856 15.8479 15.9617 15.9744 15.8856 15.9744 16.0643 16.0000 15.8228 16.0256 16.0514 16.0000 15.8479 16.0643 16.0901 16.0643 15.9744 16.0772 16.1031 16.0256 16.0385 16.0901 15.8604 16.0901 16.0901 15.1400 15.5521 16.1290 15.5279 14.1643 15.9363 16.0128 15.4083 15.0150 10.5764 11.0497 14.9589 12.8123 9.3110 13.0634 15.2905 12.6904 12.0992 15.6006 15.8228 15.0943 15.7109 16.0256 16.0000 15.8353 15.1286 15.4202 15.5521 14.7059 11.5274 13.1839 14.9365 12.7632 11.0558 14.3062 15.1057 12.5945 13.5410 15.5885 15.4321 14.6520 15.6128 15.9744 15.9109 15.9617
15.9744 14.5985 16.0000 15.6128 15.3492 12.8535 10.3359 10.6496 9.7040 6.2170 5.4422 7.1505 5.3821 1.0000 5.4437 7.1480 5.6054 6.2735 9.6061 11.3186 11.7716 12.0919 15.2091 15.3022 15.8353 14.5243 11.4745 14.2552 15.1745 11.1111 10.3359 14.8148 14.7275 11.6414 13.3601 15.8103 16.0772 16.1160 15.4440 15.3257 16.1290 15.9744 15.0037 15.8479 16.0385 15.6863 15.2207 15.9617 15.8479 15.9363 15.9109 15.6863 15.7978 16.0000 15.7109 15.0037 15.7356 15.9109 15.4919 14.8258 15.8353 15.9872 15.7233 15.3728 15.8856 15.8983 15.4083 15.4202 15.6250 14.3266 15.4919 15.0037 11.5407 12.7146 14.7820 12.0337 9.7943 13.8504 14.2349 12.1286 11.0436 6.1237 8.1169 11.1111 8.0257 5.9630 10.4221 12.0919 9.2336 10.4932 14.6306 14.7493 13.9567 15.6250 16.0643 15.9872 15.8604 14.8810 15.4919 15.4679 14.4718 11.2296 12.9534 13.8696 10.4493 8.9807 12.5000 12.6103 9.0498 10.8519 14.0056 13.1234 12.1433 14.6413 15.6128 15.3257 15.6740
16.1420 15.8730 16.1290 15.9744 15.8856 15.1630 12.5628 10.6045 10.7296 9.6293 6.1958 5.5340 7.1098 5.4437 1.0000 5.4437 7.2020 5.6513 6.0957 9.3589 11.0375 12.1212 15.3257 15.8103 16.0000 14.9925 13.1926 15.8604 15.9236 12.4456 13.3422 16.1160 15.4440 12.9534 15.2555 16.1290 16.1031 16.1420 16.1160 16.0514 16.1551 16.0901 15.8982 16.0514 16.0643 16.0000 15.8353 16.0643 15.9363 15.9617 15.8983 15.6617 15.7233 15.9109 15.7233 15.4083 15.6986 15.9236 15.8228 15.5521 15.9236 16.0385 16.0000 15.8730 15.9872 16.0256 15.9109 15.8856 15.9363 15.2207 15.6372 15.7109 13.5135 13.2450 14.8588 12.8617 9.9950 12.9366 13.1406 10.7066 10.3573 6.1031 8.0483 11.9689 10.5932 8.8339 12.8205 14.9031 13.5044 14.2552 16.0000 16.0385 15.8856 16.1160 16.1160 16.1031 16.1031 15.9872 16.0643 16.0643 15.9617 14.6951 15.3610 15.8730 14.4092 12.8370 15.2091 15.4321 12.7226 13.3869 15.5400 15.2207 13.8889 15.2672 15.8983 15.7480 15.8479
16.1420 16.0772 16.1290 16.0901 16.0901 15.7978 15.0830 12.8949 10.7411 10.6270 9.6154 6.4185 5.5279 7.1480 5.4437 1.0000 5.4113 7.2333 5.8582 6.3633 8.6170 9.7371 13.2979 14.9254 15.0489 11.9689 10.9349 14.2755 13.2363 8.4962 10.6553 14.0845 11.7786 9.0992 12.8205 15.2439 15.8353 16.1290 15.5400 14.9142 16.0514 16.0128 15.2207 15.6986 16.0643 15.8730 15.4679 15.9872 15.8604 15.9490 15.8983 15.7109 15.8103 15.9872 15.8604 15.7233 15.9363 16.0385 16.0128 15.9490 16.0514 16.0643 16.0514 16.0256 16.0643 16.0772 16.0772 16.0643 16.0772 15.8604 16.0128 16.1160 15.4440 15.1630 16.1160 15.7233 13.5410 15.4083 15.8228 14.5243 14.9142 10.9649 12.8700 15.7356 14.3678 12.5156 15.5763 16.0514 15.2555 15.6863 16.1290 16.0772 16.0128 16.0901 16.0901 16.1160 16.1031 16.0514 16.0643 16.0514 16.0128 15.3374 15.6740 16.0000 15.4679 14.2248 15.7356 15.9872 14.4613 14.4718 15.9490 15.8103 14.6951 15.5159 15.9490 15.8983 15.9236
16.1290 16.0772 16.1290 16.1160 16.1031 16.0128 15.6863 15.2555 12.9618 10.5208 10.5541 9.7513 6.4020 5.6054 7.2020 5.4113 1.0000 5.3248 7.2780 6.5789 6.7024 6.9109 10.7527 11.9546 12.7146 9.3067 6.8587 10.5374 10.7875 6.2461 7.3746 11.7716 11.2740 9.1408 11.7165 15.0037 15.7356 16.0514 14.9031 13.9082 15.8353 15.6986 13.7741 14.8588 15.8479 15.2555 14.1443 15.5642 15.3846 15.6986 15.5885 15.2207 15.4679 15.8103 15.3965 14.9031 15.6372 15.9363 15.6986 15.3374 15.8856 16.0256 15.9236 15.7604 16.0000 16.0256 15.8353 15.8604 15.9490 15.1745 15.7604 15.8103 13.9470 14.0154 15.6986 14.7167 12.0992 14.8148 15.6128 14.3575 14.5985 10.3573 13.3422 15.4679 12.6502 11.4482 15.4083 15.6128 13.6705 14.9701 16.0514 15.9236 15.6617 16.0256 16.0772 16.0514 16.0256 15.7729 16.0000 15.9872 15.7978 14.6199 15.2091 15.6250 14.1343 12.4766 14.4928 14.9701 12.0773 12.3001 14.8920 14.4092 12.4844 14.3472 15.5039 15.1515 15.3965
16.1681 16.1031 16.1290 16.1420 16.1290 16.0643 15.9490 15.7729 15.2207 12.6024 10.3627 10.7875 9.6759 6.2735 5.6513 7.2333 5.3248 1.0000 5.3879 7.3314 7.1149 8.3126 11.8694 13.3511 14.7167 11.9332 9.7847 13.9373 14.6092 10.6101 11.6482 15.5642 15.3492 13.7080 15.2555 16.1031 16.1290 16.1681 16.1420 15.8856 16.1420 16.1031 15.6617 16.0000 16.0772 15.8856 15.3846 15.9236 15.6740 15.7480 15.5521 14.9701 15.0716 15.4799 14.9589 14.3266 15.0830 15.6372 15.3374 14.8368 15.4679 15.7480 15.6372 15.3728 15.7480 15.7978 15.4679 15.4202 15.3610 13.8696 14.4613 14.4509 11.5141 10.9589 13.3601 11.9617 8.6543 11.6009 12.7877 10.9589 11.1732 7.3937 11.2423 13.5962 10.6270 10.7354 14.8148 15.1172 13.4680 15.2788 16.1031 15.9490 15.8103 16.0901 16.1160 16.0901 16.0901 15.9363 16.0514 16.0128 15.8604 14.9701 15.2672 15.5279 14.1543 12.5865 14.1143 14.4300 11.5808 11.6009 14.1343 13.4862 11.3250 13.4771 15.0489 14.5666 14.8478
16.1551 16.1290 16.1551 16.1290 16.1031 16.1031 16.0643 15.9872 15.8353 15.1400 12.5707 10.7991 10.9769 9.6061 6.0957 5.8582 7.2780 5.3879 1.0000 5.3677 7.1608 8.6543 11.8273 14.3678 14.8588 11.8694 11.6347 15.2672 14.6951 10.8992 13.6799 15.9236 15.0037 13.7741 15.7853 16.1031 16.0643 16.1031 16.0901 15.9872 16.1031 16.0772 15.9872 16.0385 16.0514 16.0256 15.7853 15.9617 15.7853 15.7604 15.6128 15.2439 15.3728 15.6128 15.4559 15.2905 15.4799 15.8353 15.8604 15.6986 15.8353 15.9744 15.9872 15.9109 16.0000 16.0385 15.9872 15.9872 15.9872 15.4440 15.5521 15.8730 14.7493 13.6426 15.3022 14.8699 12.0700 13.5044 14.3678 12.8866 13.7457 10.8108 13.8600 15.6495 14.4509 14.3885 15.9236 16.0385 15.7356 16.1160 16.1160 16.1031 16.0643 16.0901 16.0901 16.1031 16.1031 16.1031 16.1160 16.1031 16.1031 15.9109 15.8730 16.0256 15.8479 15.2207 15.6495 15.9236 14.9477 14.4509 15.6250 15.5159 14.0647 14.8810 15.6863 15.4919 15.3728
16.1812 16.1681 16.1551 16.1551 16.1290 16.1031 16.0772 16.0772 16.0772 15.9236 15.2439 13.1062 11.5741 11.3186 9.3589 6.3633 6.5789 7.3314 5.3677 1.0000 5.2521 6.7613 9.3765 12.2026 12.3993 8.4069 9.2208 12.9955 11.3122 7.9365 11.7994 14.2450 12.3916 12.0992 14.9477 15.9872 15.9490 16.1031 15.9744 15.6250 16.0514 16.0643 15.7356 15.8103 16.0000 15.8730 15.3257 15.7604 15.5763 15.6495 15.4919 15.1745 15.4679 15.7604 15.6986 15.5885 15.6740 15.9617 15.9744 15.9109 15.9744 16.0643 16.0514 16.0128 16.0643 16.0901 16.0643 16.0772 16.0643 15.8353 15.8983 16.0772 15.6495 15.0376 15.9872 15.8604 14.2450 15.2672 15.8604 15.1400 15.7853 13.9958 15.7356 16.0901 15.7978 15.7480 16.1031 16.1031 16.0000 16.1160 16.1031 16.0901 16.0901 16.0901 16.1160 16.1160 16.1160 16.1031 16.1160 16.1031 16.0772 16.0256 15.9744 16.0643 16.0385 15.7604 15.8983 16.0514 15.5763 14.9925 15.8353 15.8479 14.7929 15.2439 15.8228 15.6128 15.4560
16.1812 16.1812 16.1551 16.1551 16.1290 16.1031 16.1031 16.0901 16.0643 15.9617 15.7109 14.9031 12.8700 11.7716 11.0375 8.6170 6.7024 7.1149 7.1608 5.2521 1.0000 5.4363 7.3046 9.8377 10.6440 7.4794 7.6220 11.7302 11.5009 8.7146 11.6618 14.2552 13.8217 13.8504 15.3374 16.0256 16.0256 16.0901 16.0000 15.7729 16.0772 16.0514 15.5763 15.6863 15.9744 15.6863 14.7167 15.3728 14.9925 14.9813 14.7167 14.1945 14.6951 15.2672 15.0263 14.7384 15.1057 15.6372 15.6863 15.5159 15.7729 15.9744 15.9617 15.8730 15.9490 15.9744 15.8982 15.8604 15.8103 15.2905 15.5400 15.8353 15.0716 14.3062 15.6006 15.3965 13.5593 14.7059 15.4679 14.8258 15.4083 13.7174 15.6986 16.0256 15.3374 15.5763 16.0901 16.0385 15.7604 16.0514 16.0901 16.0643 16.0256 16.0772 16.0901 16.0901 16.0901 16.0643 16.0901 16.0772 16.0385 15.9236 15.8730 16.0128 15.9236 15.5039 15.7109 15.8353 14.8478 14.1844 15.3139 15.3022 13.8600 14.4196 15.3610 14.9589 14.8368
16.1812 16.1551 16.1551 16.1420 16.1290 16.1031 16.1160 16.1031 16.0000 15.7480 15.7109 15.1860 12.9116 12.0919 12.1212 9.7371 6.9109 8.3126 8.6543 6.7613 5.4363 1.0000 5.6818 8.0613 8.8652 6.0551 6.2933 10.4877 10.5042 8.3438 11.4025 14.0252 13.7836 14.0351 15.4321 16.0901 16.0514 16.1160 15.9744 15.5521 16.0385 15.9490 14.8810 15.0150 15.6986 15.2091 13.4499 14.5879 14.0746 14.1743 13.8985 13.3779 14.2349 15.0037 14.6843 14.4196 14.8699 15.5279 15.6372 15.4440 15.7233 15.9490 15.9744 15.8856 15.9363 16.0000 15.9236 15.9363 15.8604 15.3257 15.5521 15.8856 15.2672 14.6735 15.7356 15.5521 14.1945 15.1286 15.6617 15.1976 15.5400 14.1844 15.7109 16.0514 15.2788 15.5642 16.0772 16.0385 15.8228 16.0514 16.1031 16.0643 16.0643 16.0901 16.0901 16.1160 16.1160 16.0643 16.0901 16.0772 16.0385 15.9363 15.8856 16.0385 15.9363 15.4440 15.7604 15.8730 14.9254 14.3885 15.4083 15.3965 14.1643 14.6951 15.4919 15.1172 14.9813
16.1812 16.1812 16.1551 16.1420 16.1290 16.1031 16.1160 16.1031 16.1031 16.0514 16.0901 16.0514 15.4919 15.2091 15.3257 13.2979 10.7527 11.8694 11.8273 9.3765 7.3046 5.6818 1.0000 5.5264 5.8156 5.6322 7.3180 9.8522 10.2197 10.2987 12.9534 14.6413 15.0263 15.6372 16.0514 16.1031 16.0901 16.1160 16.1031 15.8856 16.0772 16.0514 15.4202 15.1172 15.7356 15.2207 13.4138 14.1443 13.8122 13.8313 13.6426 13.4048 14.3266 15.1286 15.0263 14.9589 15.1172 15.6617 15.8856 15.8228 15.8856 16.0128 16.0385 16.0000 16.0128 16.0514 16.0385 16.0643 16.0256 15.8103 15.8353 16.0385 15.9236 15.5885 15.9872 15.9872 15.5400 15.7978 15.9744 15.7853 16.0385 15.6250 16.0901 16.1031 15.9744 16.0514 16.1031 16.0901 16.0514 16.0901 16.0901 16.0772 16.0901 16.1031 16.0901 16.1031 16.1160 16.0901 16.0901 16.0901 16.0643 16.0514 16.0000 16.0901 16.0772 15.9490 16.0256 16.0643 15.8856 15.5400 15.9109 15.9236 15.2672 15.3846 15.8228 15.6128 15.4202
16.1812 16.1812 16.1551 16.1290 16.1290 16.1031 16.1290 16.0901 16.0643 16.0514 16.0643 16.0901 15.6372 15.3022 15.8103 14.9254 11.9546 13.3511 14.3678 12.2026 9.8377 8.0613 5.5264 1.0000 5.3605 6.7454 6.2266 7.7580 10.0654 10.5652 11.5274 13.5410 14.9925 15.6495 15.8479 16.0643 15.9872 16.0901 16.0000 15.0263 15.6006 15.5885 13.7457 12.8866 14.1945 13.4138 10.6667 11.6009 11.5340 11.9048 11.9689 12.1433 13.1839 14.3575 14.3781 14.2349 14.6092 15.3610 15.6372 15.6128 15.7729 15.9744 16.0128 15.9744 16.0000 16.0385 16.0385 16.0514 16.0128 15.8604 15.9490 16.0385 15.9109 15.7853 16.0000 16.0128 15.6617 15.8604 15.9744 15.8228 15.9363 15.5885 16.0000 16.0256 15.8228 15.9236 16.0385 16.0385 16.0128 16.0643 16.0772 16.0643 16.0772 16.0901 16.0901 16.0901 16.1160 16.0772 16.1031 16.0901 16.0514 15.9872 15.9490 16.0514 16.0385 15.8479 15.9872 16.0128 15.8856 15.6250 15.8983 15.8983 15.3610 15.5279 15.8479 15.6495 15.5642
16.1943 16.1812 16.1681 16.1551 16.1290 16.1290 16.1290 16.1031 16.1160 16.0901 16.1290 16.0901 15.8604 15.8353 16.0000 15.0489 12.7146 14.7167 14.8588 12.3993 10.6440 8.8652 5.8156 5.3605 1.0000 5.4318 6.8799 6.3857 7.0972 9.6386 11.1235 11.6009 13.0634 15.1400 15.7480 16.0643 15.7356 16.0901 16.0256 14.6628 15.5159 15.9236 14.4823 13.2979 15.0150 14.7493 12.3229 13.2714 13.5777 13.8504 13.8600 13.9860 14.8920 15.5521 15.6128 15.5400 15.6128 15.8983 15.9617 15.9236 15.9617 16.0514 16.0643 16.0643 16.0643 16.0901 16.0772 16.0901 16.0901 16.0128 16.0385 16.0901 16.0385 15.9363 16.0514 16.0643 15.9236 16.0000 16.0385 15.9617 16.0772 15.9490 16.0901 16.0901 16.0385 16.0385 16.0772 16.0901 16.0514 16.0772 16.0901 16.0901 16.0901 16.1031 16.1031 16.1160 16.1160 16.1160 16.1160 16.1160 16.0772 16.0385 16.0256 16.0772 16.0643 16.0000 16.0643 16.0643 16.0514 15.9363 16.0385 16.0385 15.7853 15.8604 16.0000 15.9363 15.8479
16.1943 16.1681 16.1551 16.1420 16.1290 16.1031 16.1031 16.0772 16.0772 16.0256 16.0643 15.8479 14.2146 14.5243 14.9925 11.9689 9.3067 11.9332 11.8694 8.4069 7.4794 6.0551 5.6322 6.7454 5.4318 1.0000 5.5540 6.8966 5.5991 6.3633 9.5557 10.6496 10.7643 12.6662 14.5560 15.9744 15.9109 16.1812 15.9872 14.4718 15.9490 16.0643 14.5243 14.2349 15.8103 15.2905 13.1320 14.7275 14.6413 14.9477 14.8148 14.6951 15.4679 15.8983 15.8103 15.6372 15.7978 16.0000 15.9872 15.8856 15.9872 16.0643 16.0514 16.0514 16.0643 16.0901 16.0772 16.0643 16.0514 15.9109 15.9617 16.0514 15.9236 15.6863 16.0256 16.0256 15.6495 15.8983 16.0128 15.8479 16.0385 15.4919 16.0385 16.0901 15.9109 15.9363 16.0772 16.0901 16.0514 16.0901 16.0901 16.0643 16.1031 16.1031 16.0901 16.0901 16.1031 16.0901 16.0901 16.0901 16.0643 15.9617 15.9872 16.0901 16.0385 15.8604 16.0128 16.0643 15.9744 15.7729 16.0128 16.0128 15.6863 15.7853 15.9872 15.9109 15.8604
16.1681 16.1420 16.1420 16.1290 16.1160 16.0901 16.0772 16.0772 15.9617 15.2672 15.4560 15.2091 12.0337 11.4745 13.1926 10.9349 6.8587 9.7847 11.6347 9.2208 7.6220 6.2933 7.3180 6.2266 6.8799 5.5540 1.0000 5.4915 7.0373 5.6338 6.3271 9.5969 10.8284 11.0803 11.8483 15.2905 15.1745 15.9490 14.7059 11.9546 14.7059 14.8810 11.2108 11.4286 13.9567 12.6582 9.7704 12.6502 12.4533 13.4499 13.3958 13.3601 14.3885 15.3965 15.0150 14.4196 15.0943 15.6617 15.4799 15.2091 15.6250 15.9109 15.8983 15.7853 15.9490 16.0000 15.9109 15.8856 15.9363 15.6250 15.8983 15.9617 15.5159 15.3139 15.8983 15.7356 14.9813 15.6740 15.8353 15.5159 15.5400 14.2959 15.6250 15.9617 15.2439 15.3139 15.9744 15.9744 15.8228 15.9872 16.0643 16.0128 16.0256 16.0643 16.0772 16.0514 16.0643 15.9872 16.0514 16.0643 15.9363 15.6006 15.7356 15.9744 15.7109 15.1745 15.7480 15.8856 15.3139 15.2555 15.7978 15.6986 15.1515 15.5400 15.8856 15.6986 15.7480
16.1551 16.1420 16.1290 16.1160 16.1031 16.1031 16.1031 16.1031 16.0901 15.8604 16.0643 15.9872 14.1044 14.2552 15.8604 14.2755 10.5374 13.9373 15.2672 12.9955 11.7302 10.4877 9.8522 7.7580 6.3857 6.8966 5.4915 1.0000 5.4422 7.0398 5.7356 6.3633 9.5420 11.0254 10.7239 13.6240 12.4766 14.8038 13.2363 9.2039 11.8273 13.3422 9.8280 8.7796 12.4533 12.3077 9.5785 12.1877 12.8287 14.0449 14.2045 14.5560 15.2555 15.8856 15.7480 15.3728 15.6495 15.9490 15.9109 15.7604 15.8604 16.0000 15.9872 15.9109 16.0000 16.0514 15.9872 15.9744 16.0514 15.9617 16.0385 16.0772 16.0000 15.8479 16.0385 16.0385 15.8353 15.9744 16.0256 15.8983 16.0128 15.6495 16.0256 16.0772 15.9236 15.9617 16.0514 16.0772 16.0385 16.0643 16.0901 16.0643 16.0772 16.0901 16.0772 16.0643 16.0901 16.0772 16.0901 16.0901 16.0514 15.9490 15.9744 16.0643 16.0256 15.8604 16.0000 16.0514 15.9872 15.8479 16.0256 16.0256 15.8353 15.9109 16.0128 15.9363 15.9490
16.1812 16.1681 16.1551 16.1290 16.1031 16.0901 16.0901 16.0901 16.0901 15.9872 16.1420 15.9109 14.0252 15.1745 15.9236 13.2363 10.7875 14.6092 14.6951 11.3122 11.5009 10.5042 10.2197 10.0654 7.0972 5.5991 7.0373 5.4422 1.0000 5.4451 7.1685 5.7455 6.3331 9.6108 11.0193 13.4953 13.0124 15.5763 14.6092 11.0193 14.3164 15.7480 13.2363 12.5549 15.4919 15.3846 13.4409 15.2555 15.3965 15.8103 15.6863 15.7109 15.9490 16.0643 16.0643 15.9744 16.0128 16.0772 16.0643 16.0256 16.0514 16.0772 16.0772 16.0514 16.0901 16.0901 16.0901 16.1031 16.1031 16.0643 16.0772 16.1031 16.0514 16.0128 16.1031 16.1031 15.9872 16.0514 16.0772 16.0256 16.1290 15.9236 16.0772 16.1031 16.0514 16.0772 16.0772 16.1031 16.0901 16.0901 16.0901 16.0901 16.0901 16.1031 16.1160 16.1031 16.1160 16.1031 16.1160 16.1160 16.0901 16.0256 16.0514 16.0901 16.0772 16.0256 16.0643 16.0772 16.0772 15.9872 16.0643 16.0772 15.9744 16.0385 16.0772 16.0514 16.0256
16.1551 16.1290 16.1290 16.0901 16.0901 16.0000 16.0000 16.0128 15.1515 14.2552 15.0716 13.4771 9.7135 11.1111 12.4456 8.4962 6.2461 10.6101 10.8992 7.9365 8.7146 8.3438 10.2987 10.5652 9.6386 6.3633 5.6338 7.0398 5.4451 1.0000 5.4230 7.1608 5.9418 6.3532 9.0621 12.7307 13.9276 15.6863 13.2275 10.9469 15.1976 15.4919 12.2249 13.4590 15.7978 15.0489 13.2450 15.5400 15.3374 15.8103 15.6863 15.5400 15.8479 16.0385 15.9236 15.6863 15.9109 16.0128 15.9872 15.7853 15.9490 16.0385 16.0128 15.8856 16.0000 16.0385 15.9872 15.9744 16.0643 15.8856 16.0000 16.0128 15.8103 15.7109 16.0000 15.9109 15.4440 15.8604 15.9617 15.8103 15.8353 14.8038 15.6495 16.0256 15.6250 15.5279 16.0128 16.0385 15.9617 16.0000 16.0514 16.0385 16.0514 16.0772 16.0643 16.0514 16.0901 16.0128 16.0772 16.0772 15.9617 15.6250 15.7978 16.0256 15.9236 15.6006 15.9490 16.0000 15.7480 15.6495 15.9744 15.9744 15.7233 15.9236 16.0385 15.9872 16.0000
16.1420 16.0385 16.1160 16.1160 16.0643 15.6986 15.7604 15.8983 14.5243 12.7796 14.4300 13.8026 9.4922 10.3359 13.3422 10.6553 7.3746 11.6482 13.6799 11.7994 11.6618 11.4025 12.9534 11.5274 11.1235 9.5557 6.3271 5.7356 7.1685 5.4230 1.0000 5.4720 7.2046 6.2775 5.6402 9.7752 10.5374 12.6743 9.0539 6.5811 11.2108 11.4548 7.6046 9.4607 13.0039 12.0265 10.4439 14.0647 14.1143 15.3728 15.3610 15.3374 15.6740 16.0256 15.8103 15.3374 15.7604 15.9872 15.7978 15.3846 15.7604 15.9363 15.8103 15.4919 15.7853 15.9490 15.7729 15.7356 15.9872 15.8228 15.9744 15.9490 15.7233 15.8353 16.0128 15.9109 15.5039 15.9490 15.9872 15.8856 15.8353 14.9031 15.6250 15.9872 15.4202 15.2905 15.9363 15.9872 15.6617 15.8730 16.0643 16.0128 15.9617 16.0772 16.0643 16.0385 16.0772 15.9109 15.9617 16.0385 15.8604 15.3610 15.6372 15.9617 15.6740 15.2207 15.8228 15.9490 15.4799 15.5763 15.9490 15.9236 15.6495 15.8983 16.0385 15.9872 16.0000
16.1551 16.1290 16.1290 16.1031 16.1290 16.0643 16.0772 16.1420 15.7978 15.4202 16.1551 15.8983 13.2188 14.8148 16.1160 14.0845 11.7716 15.5642 15.9236 14.2450 14.2552 14.0252 14.6413 13.5410 11.6009 10.6496 9.5969 6.3633 5.7455 7.1608 5.4720 1.0000 5.4127 7.3828 6.5681 8.0418 7.7730 11.0132 9.2635 5.8241 9.8425 11.9904 9.4652 9.8135 13.6147 14.0252 12.6662 15.0263 15.3374 15.9363 15.8604 15.9109 16.0256 16.0772 16.0643 16.0256 16.0514 16.0901 16.0643 15.9363 16.0000 16.0514 16.0256 15.8856 15.9872 16.0643 16.0256 16.0000 16.0901 16.0514 16.0385 16.0643 16.0385 16.0385 16.0901 16.0772 16.0128 16.0643 16.0772 16.0643 16.0901 15.9490 16.0514 16.0901 16.0256 16.0128 16.0772 16.0901 16.0772 16.0772 16.0772 16.0643 16.0643 16.0772 16.0514 16.0643 16.1031 16.0901 16.0643 16.0901 16.0772 15.9744 16.0128 16.0901 16.0901 15.9744 16.0385 16.0772 16.0514 15.9872 16.0772 16.0772 16.0256 16.0256 16.0772 16.0643 16.0643
16.1551 16.1290 16.1031 16.0772 16.0901 15.9109 16.0514 16.0385 14.9477 15.0943 15.9872 14.7384 11.8203 14.7275 15.4440 11.7786 11.2740 15.3492 15.0037 12.3916 13.8217 13.7836 15.0263 14.9925 13.0634 10.7643 10.8284 9.5420 6.3331 5.9418 7.2046 5.4127 1.0000 5.2882 7.3556 8.8145 10.4657 13.6705 11.5674 9.7276 14.1543 15.4440 13.3245 14.4092 16.0128 15.9872 15.4440 16.0385 16.0256 16.0643 16.0772 16.0643 16.0901 16.0901 16.0901 16.1031 16.0772 16.1031 16.1031 16.0772 16.0772 16.0901 16.0772 16.0514 16.0772 16.0901 16.0772 16.0643 16.0772 16.0643 16.0643 16.0643 16.0514 16.0514 16.0643 16.0772 16.0128 16.0256 16.0772 16.0514 16.0514 15.9236 16.0128 16.0772 16.0256 16.0128 16.0514 16.0772 16.0772 16.0772 16.0901 16.0772 16.0901 16.0772 16.0772 16.0772 16.1031 16.1031 16.0901 16.1031 16.0643 16.0000 16.0256 16.0901 16.0901 16.0128 16.0385 16.0772 16.0772 16.0256 16.0514 16.0772 16.0385 16.0643 16.1031 16.1031 16.0643
16.0901 15.9236 15.9872 15.9617 15.6863 14.7275 15.2555 14.8258 11.7994 11.8203 13.8600 11.4351 7.8462 11.6414 12.9534 9.0992 9.1408 13.7080 13.7741 12.0992 13.8504 14.0351 15.6372 15.6495 15.1400 12.6662 11.0803 11.0254 9.6108 6.3532 6.2775 7.3828 5.2882 1.0000 5.3996 7.8401 10.8873 12.8205 9.5374 9.3023 14.1143 14.1643 11.8203 14.6735 15.9109 15.4440 15.2439 16.0256 16.0256 16.0514 16.0643 16.0385 16.0643 16.0772 16.0643 16.0385 16.0514 16.0643 16.0514 15.9236 16.0128 16.0514 16.0000 15.8983 16.0000 16.0256 15.9363 15.8982 15.9872 15.9109 15.9744 15.9872 15.9490 15.9363 15.9617 15.9490 15.8103 15.9109 15.9744 15.9109 15.8983 15.4321 15.7356 15.9617 15.7356 15.6006 15.8730 15.9490 15.8856 15.8730 16.0256 16.0256 15.9490 16.0128 16.0128 16.0000 16.0256 15.9490 15.9490 16.0128 15.8856 15.6617 15.7978 15.9744 15.8604 15.6006 15.8982 16.0000 15.9363 15.8730 16.0256 16.0643 15.9872 16.0385 16.0772 16.0772 16.0514
16.1031 15.9236 16.0128 16.0385 15.9617 15.0489 15.5521 15.7480 13.6612 13.0378 15.1976 14.1643 10.7239 13.3601 15.2555 12.8205 11.7165 15.2555 15.7853 14.9477 15.3374 15.4321 16.0514 15.8479 15.7480 14.5560 11.8483 10.7239 11.0193 9.0621 5.6402 6.5681 7.3556 5.3996 1.0000 5.2757 7.4294 8.5985 4.8567 5.0787 9.5420 9.3414 7.5614 10.8637 13.4228 12.6263 13.1234 15.5763 15.6128 15.9744 15.9617 15.9872 16.0128 16.0643 16.0385 15.9490 16.0128 16.0772 16.0000 15.7729 15.9236 15.9617 15.8353 15.6250 15.8479 15.9236 15.7233 15.6986 15.8982 15.8479 15.9744 15.9744 15.9236 15.9490 16.0000 15.9872 15.8604 16.0128 16.0385 15.9872 16.0000 15.6986 15.9363 16.0256 15.8479 15.8103 15.9744 15.9872 15.9109 15.9363 16.0514 16.0256 15.9744 16.0514 16.0256 16.0000 16.0128 15.9363 15.8983 16.0000 15.8983 15.6740 15.7978 15.9617 15.8983 15.6740 15.9363 16.0256 15.9363 15.8983 16.0256 16.0256 15.9490 15.9872 16.0514 16.0256 16.0514
16.0385 15.9617 15.9744 16.0256 15.8856 15.3846 15.8228 15.8730 14.7929 15.1172 16.1031 15.5763 13.8217 15.8103 16.1290 15.2439 15.0037 16.1031 16.1031 15.9872 16.0256 16.0901 16.1031 16.0643 16.0643 15.9744 15.2905 13.6240 13.4953 12.7307 9.7752 8.0418 8.8145 7.8401 5.2757 1.0000 5.2784 5.5866 4.9456 6.5941 9.1533 9.7800 10.4603 12.9870 14.8258 15.0602 15.6250 16.0643 16.0385 16.0643 16.1031 16.0901 16.0901 16.1160 16.1031 16.1160 16.1031 16.0901 16.1031 16.0643 16.0772 16.0772 16.0514 16.0128 16.0385 16.0256 15.9490 15.9109 15.9872 16.0128 16.0128 16.0128 16.0772 16.0385 16.0256 16.0643 16.0643 16.0256 16.0514 16.0256 16.0643 16.0128 16.0514 16.0643 16.0514 16.0514 16.0514 16.0772 16.0772 16.0643 16.0643 16.0772 16.0772 16.0643 16.0385 16.0128 16.0000 16.0000 15.9490 16.0385 16.0000 15.9617 15.8983 16.0000 16.0643 16.0000 16.0256 16.0772 16.0901 16.0256 16.0643 16.0901 16.0643 16.0514 16.0772 16.0772 16.0643
16.1420 16.1031 16.1031 16.1160 16.1290 16.0000 16.1031 16.1290 15.8479 15.9109 16.1551 16.0514 15.2905 16.0772 16.1031 15.8353 15.7356 16.1290 16.0643 15.9490 16.0256 16.0514 16.0901 15.9872 15.7356 15.9109 15.1745 12.4766 13.0124 13.9276 10.5374 7.7730 10.4657 10.8873 7.4294 5.2784 1.0000 5.4660 6.8143 5.5036 6.7843 9.8087 10.6610 11.2931 13.5044 15.1286 15.6250 15.9872 15.9236 16.0256 16.0385 16.0643 16.0901 16.1031 16.0901 16.0901 16.0772 16.0901 16.0901 16.0901 16.0643 16.0772 16.0772 16.0643 16.0772 16.0772 16.0643 16.0514 16.0901 16.0901 16.0772 16.0772 16.0772 16.0643 16.0643 16.0772 16.0514 16.0643 16.0514 16.0385 16.0772 16.0643 16.1031 16.0772 16.0772 16.1031 16.0772 16.0772 16.1031 16.1031 16.1031 16.0901 16.1031 16.1031 16.1160 16.0901 16.1031 16.1160 16.0772 16.1031 16.0901 16.1031 16.0385 16.0643 16.1031 16.0643 16.0643 16.0772 16.1160 16.0643 16.0901 16.0772 16.0643 16.0772 16.0901 16.1290 16.0772
16.1031 16.0901 16.0772 16.1031 16.0385 15.9236 16.1031 16.0901 15.8604 15.8856 16.1551 16.1031 15.7233 16.1160 16.1420 16.1290 16.0514 16.1681 16.1031 16.1031 16.0901 16.1160 16.1160 16.0901 16.0901 16.1812 15.9490 14.8038 15.5763 15.6863 12.6743 11.0132 13.6705 12.8205 8.5985 5.5866 5.4660 1.0000 5.4142 7.0225 6.0569 6.9881 9.9701 11.1982 11.7786 13.3869 15.3374 15.9872 15.9744 16.0643 16.0643 16.0901 16.0901 16.0772 16.0901 16.1031 16.0901 16.0901 16.0901 16.0772 16.0643 16.0772 16.0643 16.0514 16.0514 16.0772 16.0385 16.0514 16.1031 16.0901 16.0772 16.0256 16.0772 16.0643 16.0643 16.0772 16.0901 16.0772 16.0772 16.0772 16.1031 16.0643 16.1031 16.0772 16.0643 16.0901 16.0772 16.0901 16.1031 16.0901 16.0772 16.0772 16.1031 16.0772 16.0901 16.0514 16.0901 16.1031 16.0385 16.0643 16.0643 16.0901 16.0128 16.0643 16.1031 16.0514 16.0514 16.0772 16.1160 16.0514 16.0772 16.1160 16.0772 16.0643 16.1031 16.1290 16.0901
16.0772 15.9872 16.0128 16.0256 15.8604 15.4799 15.8730 15.9617 15.1630 14.8920 15.9490 15.6128 13.9373 15.4440 16.1160 15.5400 14.9031 16.1420 16.0901 15.9744 16.0000 15.9744 16.1031 16.0000 16.0256 15.9872 14.7059 13.2363 14.6092 13.2275 9.0539 9.2635 11.5674 9.5374 4.8567 4.9456 6.8143 5.4142 1.0000 5.4466 7.0572 5.6625 6.5147 9.8571 11.0072 10.8696 12.9534 15.4440 15.5039 15.9617 15.9617 16.0128 16.0385 16.0514 16.0385 16.0000 16.0128 16.0514 16.0000 15.8730 15.9617 15.9744 15.8983 15.7978 15.8604 15.9490 15.8856 15.9236 16.0256 16.0385 16.0000 15.9109 16.0000 15.9872 16.0128 16.0385 16.0256 16.0643 16.0643 16.0385 16.0514 15.9490 16.0514 16.0256 16.0000 16.0256 16.0256 16.0000 16.0514 16.0256 16.0385 16.0128 16.0128 16.0256 16.0256 15.9872 16.0128 15.9872 15.9109 15.9363 15.9109 15.9109 15.8730 16.0000 16.0128 15.9236 15.9490 16.0385 16.0772 15.9617 16.0514 16.0772 16.0128 16.0000 16.0643 16.0772 16.0772
16.1290 16.0772 16.1420 16.1031 16.1160 15.9236 16.0772 16.1160 15.7109 15.2788 16.0514 15.7109 13.7457 15.3257 16.0514 14.9142 13.9082 15.8856 15.9872 15.6250 15.7729 15.5521 15.8856 15.0263 14.6628 14.4718 11.9546 9.2039 11.0193 10.9469 6.5811 5.8241 9.7276 9.3023 5.0787 6.5941 5.5036 7.0225 5.4466 1.0000 5.5172 7.0746 5.6290 6.6912 9.9900 10.6895 10.9051 13.8026 14.5033 15.6250 15.6495 15.7978 15.8604 16.0128 15.9490 15.8103 15.8604 15.9872 15.9744 15.7604 15.8983 15.9744 15.9109 15.7729 15.8983 15.9872 15.9490 15.9744 16.0772 16.0643 16.0643 16.0000 16.0256 16.0128 16.0514 16.0514 16.0256 16.0772 16.0772 16.0514 16.0643 15.9744 16.0643 16.0643 16.0128 16.0514 16.0643 16.0514 16.0514 16.0514 16.0643 16.0643 16.0514 16.0643 16.0643 16.0514 16.0643 16.0128 16.0128 16.0128 15.9872 15.9744 15.9617 16.0256 16.0385 15.9744 15.9872 16.0385 16.0385 15.9363 16.0256 16.0514 15.9744 15.9744 16.0514 16.0385 16.0514
16.1290 16.1290 16.1160 16.0901 16.1031 16.0514 16.0772 16.1290 16.0256 15.9872 16.1290 16.1031 15.6863 16.1290 16.1551 16.0514 15.8353 16.1420 16.1031 16.0514 16.0772 16.0385 16.0772 15.6006 15.5159 15.9490 14.7059 11.8273 14.3164 15.1976 11.2108 9.8425 14.1543 14.1143 9.5420 9.1533 6.7843 6.0569 7.0572 5.5172 1.0000 5.4481 7.0597 5.9207 7.2150 10.0756 11.2423 12.6422 13.7268 15.3846 15.5885 15.9236 15.9490 16.0256 16.0514 16.0385 15.9490 16.0256 16.0514 15.9744 16.0000 16.0256 16.0000 15.9490 16.0128 16.0514 16.0514 16.0772 16.0901 16.0772 16.0643 16.0514 16.0643 16.0643 16.0643 16.0772 16.0772 16.0772 16.0772 16.0514 16.0772 16.0643 16.0772 16.0514 16.0514 16.0772 16.0643 16.0772 16.0772 16.0772 16.0772 16.0514 16.0772 16.0643 16.0643 16.0514 16.0772 16.0772 16.0643 16.0643 16.0385 16.0514 16.0385 16.0385 16.0643 16.0514 16.0643 16.0643 16.1031 16.0128 16.0385 16.0772 16.0385 16.0385 16.0772 16.0772 16.0385
16.1031 16.0643 16.0772 16.0772 16.0385 15.9363 16.0643 16.0385 15.7978 15.7480 16.0901 16.0385 15.5642 15.9744 16.0901 16.0128 15.6986 16.1031 16.0772 16.0643 16.0514 15.9490 16.0514 15.5885 15.9236 16.0643 14.8810 13.3422 15.7480 15.4919 11.4548 11.9904 15.4440 14.1643 9.3414 9.7800 9.8087 6.9881 5.6625 7.0746 5.4481 1.0000 5.3319 6.9372 6.0533 6.8989 10.0000 11.9617 12.4766 14.9925 15.3257 15.7356 15.7978 15.9744 15.9744 15.7853 15.7729 15.9744 15.9236 15.7356 15.8353 15.9109 15.8103 15.7604 15.9236 15.9744 15.9490 15.9109 15.9744 16.0256 16.0256 16.0000 16.0514 16.0514 16.0385 16.0514 16.0514 16.0385 16.0643 16.0385 16.0514 16.0000 16.0643 16.0514 16.0128 16.0385 16.0385 16.0514 16.0643 16.0772 16.0772 16.0514 16.0643 16.0385 16.0256 16.0256 16.0643 16.0514 16.0385 16.0256 16.0000 16.0128 15.9490 16.0256 16.0643 16.0128 16.0128 16.0514 16.0643 15.9490 16.0128 16.0643 16.0128 16.0128 16.0772 16.0514 16.0128
16.1160 16.0643 16.1160 16.0772 16.0514 15.8479 15.9236 15.9744 15.5642 15.0150 15.8982 15.7480 14.1044 15.0037 15.8982 15.2207 13.7741 15.6617 15.9872 15.7356 15.5763 14.8810 15.4202 13.7457 14.4823 14.5243 11.2108 9.8280 13.2363 12.2249 7.6046 9.4652 13.3245 11.8203 7.5614 10.4603 10.6610 9.9701 6.5147 5.6290 7.0597 5.3319 1.0000 5.4840 6.9444 5.7921 6.7636 10.2093 10.7296 13.7931 14.3885 15.0830 15.1976 15.7604 15.6006 14.8258 15.1286 15.7356 15.5521 14.8920 15.3846 15.7109 15.5279 15.3728 15.7233 15.8730 15.7356 15.6740 15.8604 15.9236 15.9872 15.9363 15.9744 15.9872 16.0256 15.9744 15.9363 16.0128 16.0385 16.0128 15.9872 15.8479 16.0000 16.0000 15.8353 15.9109 16.0000 15.9872 16.0000 16.0256 16.0772 16.0385 16.0385 16.0385 16.0514 16.0256 16.0643 15.9744 16.0256 16.0128 15.9617 15.9236 15.8856 16.0000 15.9363 15.7978 15.9109 15.9363 15.8353 15.7109 15.8856 15.9236 15.7853 15.8604 16.0000 15.8983 15.9363
