,T1132TS003_1o,T1132TS003_2o,T1132TS003_3o,T1132TS003_4o,T1132TS003_5o,T1132TS035_1o,T1132TS035_2o,T1132TS035_3o,T1132TS035_4o,T1132TS035_5o,T1132TS037_1o,T1132TS037_2o,T1132TS037_3o,T1132TS037_4o,T1132TS037_5o,T1132TS054_1o,T1132TS054_2o,T1132TS054_3o,T1132TS054_4o,T1132TS054_5o,T1132TS071_1o,T1132TS071_2o,T1132TS071_3o,T1132TS071_4o,T1132TS071_5o,T1132TS086_1o,T1132TS086_2o,T1132TS086_3o,T1132TS086_4o,T1132TS086_5o,T1132TS091_1o,T1132TS091_2o,T1132TS091_3o,T1132TS091_4o,T1132TS091_5o,T1132TS098_1o,T1132TS098_2o,T1132TS098_3o,T1132TS098_4o,T1132TS098_5o,T1132TS119_1o,T1132TS119_2o,T1132TS119_3o,T1132TS119_4o,T1132TS119_5o,T1132TS125_1o,T1132TS125_2o,T1132TS125_3o,T1132TS125_4o,T1132TS125_5o,T1132TS131_1o,T1132TS131_2o,T1132TS131_3o,T1132TS131_4o,T1132TS131_5o,T1132TS147_1o,T1132TS147_2o,T1132TS147_3o,T1132TS147_4o,T1132TS147_5o,T1132TS150_1o,T1132TS150_2o,T1132TS150_3o,T1132TS150_4o,T1132TS150_5o,T1132TS158_1o,T1132TS158_2o,T1132TS158_3o,T1132TS158_4o,T1132TS158_5o,T1132TS165_1o,T1132TS165_2o,T1132TS165_3o,T1132TS165_4o,T1132TS165_5o,T1132TS169_1o,T1132TS169_2o,T1132TS169_3o,T1132TS169_4o,T1132TS169_5o,T1132TS180_1o,T1132TS180_2o,T1132TS180_3o,T1132TS180_4o,T1132TS180_5o,T1132TS185_1o,T1132TS185_2o,T1132TS185_3o,T1132TS185_4o,T1132TS185_5o,T1132TS187_1o,T1132TS187_2o,T1132TS187_3o,T1132TS187_4o,T1132TS187_5o,T1132TS188_1o,T1132TS188_2o,T1132TS188_3o,T1132TS188_4o,T1132TS188_5o,T1132TS205_1o,T1132TS205_2o,T1132TS205_3o,T1132TS205_4o,T1132TS205_5o,T1132TS234_1o,T1132TS234_2o,T1132TS239_1o,T1132TS239_2o,T1132TS239_3o,T1132TS239_4o,T1132TS239_5o,T1132TS248_1o,T1132TS248_2o,T1132TS248_3o,T1132TS248_4o,T1132TS248_5o,T1132TS278_1o,T1132TS278_2o,T1132TS278_3o,T1132TS278_4o,T1132TS278_5o,T1132TS298_1o,T1132TS298_2o,T1132TS298_3o,T1132TS298_4o,T1132TS298_5o,T1132TS312_1o,T1132TS312_2o,T1132TS312_3o,T1132TS312_4o,T1132TS312_5o,T1132TS314_1o,T1132TS314_2o,T1132TS314_3o,T1132TS314_4o,T1132TS314_5o,T1132TS320_1o,T1132TS320_2o,T1132TS320_3o,T1132TS320_4o,T1132TS320_5o,T1132TS348_1o,T1132TS348_2o,T1132TS348_3o,T1132TS348_4o,T1132TS348_5o,T1132TS350_1o,T1132TS350_2o,T1132TS350_3o,T1132TS350_4o,T1132TS350_5o,T1132TS360_1o,T1132TS360_2o,T1132TS360_3o,T1132TS360_4o,T1132TS360_5o,T1132TS367_1o,T1132TS367_2o,T1132TS367_3o,T1132TS367_4o,T1132TS367_5o,T1132TS374_1o,T1132TS374_2o,T1132TS374_3o,T1132TS374_4o,T1132TS374_5o,T1132TS385_1o,T1132TS390_1o,T1132TS390_2o,T1132TS390_3o,T1132TS390_4o,T1132TS390_5o,T1132TS398_1o,T1132TS398_2o,T1132TS398_3o,T1132TS398_4o,T1132TS398_5o,T1132TS399_1o,T1132TS399_2o,T1132TS399_3o,T1132TS399_4o,T1132TS399_5o,T1132TS423_1o,T1132TS423_2o,T1132TS423_3o,T1132TS423_4o,T1132TS423_5o,T1132TS444_1o,T1132TS444_2o,T1132TS444_3o,T1132TS444_4o,T1132TS444_5o,T1132TS446_1o,T1132TS446_2o,T1132TS446_3o,T1132TS446_4o,T1132TS446_5o,T1132TS447_1o,T1132TS447_2o,T1132TS447_3o,T1132TS447_4o,T1132TS447_5o,T1132TS461_1o,T1132TS461_2o,T1132TS461_3o,T1132TS461_4o,T1132TS461_5o,T1132TS462_1o,T1132TS462_2o,T1132TS462_3o,T1132TS462_4o,T1132TS462_5o,T1132TS477_1o,T1132TS493_1o,T1132TS493_2o,T1132TS493_3o,T1132TS493_4o,T1132TS493_5o,T1132TS494_1o,T1132TS494_2o,T1132TS494_3o,T1132TS494_4o,T1132TS494_5o
0,1.0,0.99668,0.99976,0.99989,0.98217,0.99982,0.99959,0.99489,0.99617,0.99768,0.99979,0.4696,0.7971,0.7261,0.83227,0.9955,0.9947,0.99581,0.99666,0.9959,0.99478,0.99452,0.99422,0.99476,0.99319,1.0,0.98217,0.98246,0.98291,0.99939,0.77277,0.75192,0.72201,0.72934,0.79591,0.9957,0.99384,0.99232,0.30368,0.99485,0.50005,0.99818,0.48466,0.99818,0.58794,0.9955,0.9947,0.99581,0.99666,0.9959,0.50005,0.48466,0.4886,0.49374,0.58794,0.99784,0.99792,0.9962,0.99792,0.99784,0.99831,0.99833,0.99623,0.99438,0.99653,1.0,0.98217,0.98246,0.98352,0.99668,0.83412,0.44524,0.40393,0.46435,0.85517,0.9957,0.9957,0.99497,0.99657,0.99485,0.99045,0.99112,0.99325,0.99251,0.99398,0.96679,0.97287,0.97242,0.94126,0.95423,0.98365,0.99104,0.9978,0.6328,0.96303,0.99386,0.99615,0.99553,0.99687,0.93258,0.96566,0.93967,0.99358,0.96053,0.96166,0.40711,0.34449,0.99985,0.99577,0.9972,0.99679,0.99612,0.99982,0.99959,0.99489,0.99617,0.99768,0.98778,0.52346,0.62503,0.7946,0.65306,0.9961,0.99468,0.99446,0.99491,0.9963,0.98174,0.97623,0.97672,0.27392,0.2568,0.97721,0.99598,0.99818,0.99368,0.99653,0.99818,0.99818,0.99627,0.99368,0.99653,0.99818,0.99517,0.99818,0.99368,0.98853,0.99399,0.99515,0.99603,0.99128,0.99781,0.99653,0.99627,0.99598,0.99583,0.99547,0.99668,0.99653,0.9964,0.99354,0.98246,0.99814,0.99839,0.99746,0.99667,0.98713,0.98772,0.99818,0.99818,0.99627,0.99368,0.99653,0.63328,0.64719,0.62961,0.51663,0.79669,0.9955,0.9947,0.99581,0.99666,0.9959,0.98365,0.99104,0.9978,0.6328,0.96303,0.99192,0.51315,0.96633,0.50888,0.9865,0.99593,0.99287,0.99375,0.99571,0.99353,0.97044,0.97044,0.9705,0.9705,0.96633,0.99593,0.99287,0.99375,0.99571,0.99353,0.97421,0.97831,0.97678,0.9802,0.97986,0.99149,0.34164,0.37689,0.34936,0.39983,0.87869,0.99035,0.979,0.91108,0.4874,0.28017
1,0.99668,1.0,0.99674,0.99685,0.98742,0.99636,0.99572,0.99667,0.99774,0.99661,0.99649,0.46987,0.80255,0.73027,0.83707,0.99971,0.99929,0.99796,0.99908,0.99967,0.9992,0.99853,0.99894,0.99922,0.99836,0.99668,0.98742,0.98774,0.98804,0.99602,0.77376,0.75224,0.72258,0.73056,0.79496,0.99375,0.99332,0.9921,0.29761,0.99335,0.49931,0.99597,0.48722,0.99676,0.59293,0.99971,0.99929,0.99796,0.99908,0.99967,0.49931,0.48722,0.49042,0.49544,0.59293,0.99521,0.99602,0.99877,0.99602,0.99521,0.99591,0.9968,0.9991,0.9965,0.99902,0.99668,0.98742,0.98774,0.98866,1.0,0.83276,0.44328,0.40276,0.46554,0.8534,0.99375,0.99375,0.99923,0.9978,0.99335,0.9944,0.99528,0.99709,0.99633,0.9983,0.97131,0.97322,0.97495,0.94024,0.95359,0.98269,0.99674,0.99822,0.63069,0.96318,0.99333,0.99756,0.99959,0.99814,0.93615,0.96881,0.94276,0.99512,0.96031,0.96164,0.40929,0.34958,0.99613,0.99928,0.9987,0.99886,0.99587,0.99636,0.99572,0.99667,0.99774,0.99661,0.98621,0.52768,0.62676,0.79653,0.65318,0.99978,0.99921,0.9955,0.99475,0.99962,0.98352,0.9779,0.97876,0.26116,0.26372,0.9757,0.99867,0.99676,0.99578,0.999,0.99597,0.99676,0.99911,0.99578,0.999,0.99597,0.99668,0.99676,0.99578,0.99138,0.99879,0.99809,0.99766,0.99428,0.99592,0.999,0.99911,0.99867,0.99849,0.99818,1.0,0.99993,0.99994,0.99827,0.98774,0.9978,0.99777,0.99883,0.99749,0.98922,0.9927,0.99597,0.99676,0.99911,0.99578,0.999,0.63309,0.64595,0.6294,0.52155,0.79441,0.99971,0.99929,0.99796,0.99908,0.99967,0.98269,0.99674,0.99822,0.63069,0.96318,0.98918,0.51337,0.97121,0.51027,0.99101,0.99578,0.99804,0.99773,0.99915,0.99821,0.9771,0.9771,0.97734,0.97734,0.9731,0.99578,0.99804,0.99773,0.99915,0.99821,0.97891,0.98309,0.98152,0.98502,0.98462,0.99703,0.34419,0.38696,0.35047,0.4023,0.88114,0.99662,0.98434,0.90989,0.4902,0.28692
2,0.99976,0.99674,1.0,0.99993,0.98051,0.99984,0.99957,0.99396,0.99565,0.99716,0.99963,0.46586,0.79831,0.72301,0.83019,0.99549,0.99474,0.99618,0.9969,0.99606,0.99457,0.99386,0.99408,0.99469,0.99324,0.99976,0.98051,0.98084,0.98129,0.99969,0.77567,0.75455,0.72501,0.73202,0.79865,0.99544,0.99397,0.99212,0.30231,0.99406,0.49949,0.99852,0.48264,0.99819,0.58655,0.99549,0.99474,0.99618,0.9969,0.99606,0.49949,0.48264,0.48585,0.4909,0.58655,0.99817,0.99793,0.99635,0.99793,0.99817,0.99873,0.99837,0.9964,0.99448,0.99685,0.99976,0.98051,0.98084,0.98194,0.99674,0.83602,0.44201,0.40535,0.46453,0.85608,0.99544,0.99544,0.99478,0.9963,0.99406,0.98955,0.99045,0.99287,0.99206,0.99403,0.96546,0.97092,0.97105,0.938,0.95124,0.98358,0.99085,0.99802,0.63702,0.96262,0.994,0.99613,0.99563,0.99663,0.93663,0.96706,0.93945,0.99292,0.95976,0.96119,0.41041,0.35257,0.99961,0.99527,0.99693,0.99657,0.99638,0.99984,0.99957,0.99396,0.99565,0.99716,0.98723,0.51987,0.6211,0.79056,0.65623,0.99599,0.99467,0.99392,0.99447,0.99635,0.98101,0.9755,0.97592,0.27354,0.25955,0.97829,0.99646,0.99819,0.99369,0.99685,0.99852,0.99819,0.99645,0.99369,0.99685,0.99852,0.99476,0.99819,0.99369,0.9889,0.99408,0.99536,0.99573,0.99101,0.99747,0.99685,0.99645,0.99646,0.99626,0.9955,0.99674,0.99653,0.99648,0.9934,0.98084,0.99752,0.99864,0.99761,0.99736,0.98864,0.98752,0.99852,0.99819,0.99645,0.99369,0.99685,0.63377,0.64792,0.62966,0.51899,0.7971,0.99549,0.99474,0.99618,0.9969,0.99606,0.98358,0.99085,0.99802,0.63702,0.96262,0.99172,0.51137,0.96602,0.50829,0.98604,0.99488,0.99269,0.99382,0.99594,0.99359,0.9714,0.9714,0.97129,0.97129,0.96725,0.99488,0.99269,0.99382,0.99594,0.99359,0.9727,0.97716,0.97541,0.97932,0.97885,0.99143,0.34203,0.38914,0.35027,0.4007,0.88129,0.99055,0.97879,0.90928,0.48491,0.27835
3,0.99989,0.99685,0.99993,1.0,0.98172,0.99986,0.99962,0.99462,0.99604,0.99749,0.99976,0.46849,0.79802,0.72515,0.83199,0.99562,0.99484,0.99598,0.99685,0.99607,0.99482,0.99436,0.99426,0.99484,0.9933,0.99989,0.98172,0.98202,0.98244,0.99955,0.77389,0.7531,0.7227,0.73194,0.79689,0.9955,0.99368,0.99206,0.30611,0.9944,0.50215,0.99825,0.48393,0.99812,0.58942,0.99562,0.99484,0.99598,0.99685,0.99607,0.50215,0.48393,0.4879,0.49217,0.58942,0.99793,0.99787,0.99632,0.99787,0.99793,0.99844,0.99829,0.99635,0.9943,0.99674,0.99989,0.98172,0.98202,0.98305,0.99685,0.8348,0.44487,0.40428,0.46625,0.85578,0.9955,0.9955,0.99498,0.99648,0.9944,0.99044,0.99118,0.99337,0.99266,0.99419,0.96678,0.97237,0.97233,0.94045,0.95339,0.98368,0.99118,0.9979,0.63462,0.96255,0.99371,0.9961,0.99567,0.99673,0.93405,0.96629,0.9394,0.9932,0.96033,0.96154,0.40926,0.35169,0.99974,0.99571,0.99726,0.99679,0.99637,0.99986,0.99962,0.99462,0.99604,0.99749,0.9875,0.52207,0.62312,0.79343,0.65399,0.99615,0.99476,0.99411,0.99459,0.99638,0.98146,0.97596,0.97634,0.28112,0.26203,0.97767,0.99623,0.99812,0.99353,0.99673,0.99825,0.99812,0.99639,0.99353,0.99673,0.99825,0.9949,0.99812,0.99353,0.9886,0.99418,0.99518,0.99579,0.99099,0.99752,0.99673,0.99639,0.99623,0.99605,0.99545,0.99685,0.99665,0.99657,0.99363,0.98202,0.9979,0.99851,0.99762,0.99701,0.98763,0.98752,0.99825,0.99812,0.99639,0.99353,0.99673,0.63296,0.6487,0.63018,0.51419,0.79714,0.99562,0.99484,0.99598,0.99685,0.99607,0.98368,0.99118,0.9979,0.63462,0.96255,0.99207,0.51099,0.96636,0.50959,0.98661,0.99562,0.993,0.99403,0.99598,0.99367,0.97099,0.97099,0.97101,0.97101,0.96691,0.99562,0.993,0.99403,0.99598,0.99367,0.97401,0.97819,0.97659,0.98017,0.97973,0.99164,0.3422,0.38848,0.3494,0.40046,0.87976,0.99062,0.97912,0.91073,0.4863,0.27824
4,0.98217,0.98742,0.98051,0.98172,1.0,0.98091,0.98085,0.99296,0.99016,0.98473,0.98239,0.48949,0.79495,0.75018,0.8599,0.98905,0.98955,0.9798,0.98329,0.98749,0.99061,0.99289,0.99024,0.98961,0.98962,0.98217,1.0,0.99997,0.9998,0.97878,0.74671,0.7217,0.69367,0.70146,0.76595,0.9783,0.97458,0.97707,0.3047,0.98322,0.52984,0.97766,0.50683,0.98117,0.62317,0.98905,0.98955,0.9798,0.98329,0.98749,0.52984,0.50683,0.5081,0.51309,0.62317,0.97686,0.98034,0.98324,0.98034,0.97686,0.97734,0.98107,0.9838,0.98144,0.98277,0.98217,1.0,0.99997,0.99981,0.98742,0.81021,0.44355,0.4037,0.45591,0.83385,0.9783,0.9783,0.99029,0.98549,0.98322,0.99476,0.99383,0.99139,0.99184,0.98903,0.9802,0.98111,0.98106,0.96274,0.97143,0.97292,0.99235,0.98141,0.61902,0.95684,0.97462,0.981,0.98795,0.98428,0.89639,0.94917,0.93617,0.98567,0.95582,0.95432,0.38941,0.32645,0.98189,0.99139,0.98812,0.98584,0.97999,0.98091,0.98085,0.99296,0.99016,0.98473,0.97722,0.56588,0.65776,0.83359,0.62087,0.98875,0.98954,0.98542,0.98158,0.98699,0.9728,0.9682,0.96868,0.28584,0.26278,0.95651,0.98119,0.98117,0.98122,0.98278,0.97766,0.98117,0.98376,0.98122,0.98278,0.97766,0.98403,0.98117,0.98122,0.97502,0.98913,0.98176,0.98454,0.98407,0.98047,0.98278,0.98376,0.98119,0.98112,0.98279,0.98742,0.98789,0.98777,0.99065,0.99997,0.98719,0.98106,0.98415,0.9782,0.96267,0.98492,0.97766,0.98117,0.98376,0.98122,0.98278,0.62422,0.63873,0.62167,0.53055,0.781,0.98905,0.98955,0.9798,0.98329,0.98749,0.97292,0.99235,0.98141,0.61902,0.95684,0.97646,0.53901,0.97098,0.54589,0.98325,0.98836,0.99205,0.98881,0.98434,0.98831,0.96934,0.96934,0.97004,0.97004,0.96609,0.98836,0.99205,0.98881,0.98434,0.98831,0.99303,0.993,0.99342,0.99213,0.99286,0.99155,0.34949,0.37537,0.35634,0.40011,0.85869,0.99013,0.98218,0.91783,0.51592,0.29153
5,0.99982,0.99636,0.99984,0.99986,0.98091,1.0,0.9998,0.99401,0.99544,0.99701,0.99978,0.46858,0.79887,0.72496,0.83262,0.99505,0.99429,0.99544,0.99629,0.99554,0.99424,0.99374,0.99363,0.99423,0.99269,0.99982,0.98091,0.98122,0.98168,0.99952,0.77391,0.75183,0.7227,0.73041,0.79687,0.99479,0.993,0.99146,0.30343,0.99387,0.49582,0.99784,0.48423,0.99754,0.58892,0.99505,0.99429,0.99544,0.99629,0.99554,0.49582,0.48423,0.48765,0.49413,0.58892,0.99751,0.9973,0.99572,0.9973,0.99751,0.99806,0.99773,0.99575,0.99354,0.99616,0.99982,0.98091,0.98122,0.9823,0.99636,0.83494,0.44387,0.40597,0.46423,0.85586,0.99479,0.99479,0.9943,0.99577,0.99387,0.98993,0.99069,0.99299,0.99214,0.99375,0.96577,0.97189,0.97143,0.94008,0.95298,0.98391,0.99086,0.99732,0.63601,0.96242,0.99302,0.9955,0.99506,0.99612,0.93325,0.96561,0.93993,0.99247,0.9605,0.96188,0.4078,0.35697,0.99981,0.99524,0.997,0.99631,0.99587,1.0,0.9998,0.99401,0.99544,0.99701,0.98712,0.52211,0.62262,0.79268,0.65348,0.99556,0.9942,0.99339,0.99389,0.99578,0.9815,0.97601,0.97628,0.27494,0.25599,0.97669,0.99564,0.99754,0.99276,0.99615,0.99784,0.99754,0.99579,0.99276,0.99615,0.99784,0.99416,0.99754,0.99276,0.98792,0.99369,0.99461,0.99519,0.99034,0.99707,0.99615,0.99579,0.99564,0.99542,0.99478,0.99636,0.99613,0.99607,0.99309,0.98122,0.99727,0.99801,0.99715,0.99667,0.98719,0.98662,0.99784,0.99754,0.99579,0.99276,0.99615,0.63353,0.64831,0.62867,0.51638,0.7971,0.99505,0.99429,0.99544,0.99629,0.99554,0.98391,0.99086,0.99732,0.63601,0.96242,0.99176,0.51085,0.96573,0.509,0.98555,0.99506,0.99239,0.99353,0.99541,0.99314,0.97079,0.97079,0.97082,0.97082,0.96671,0.99506,0.99239,0.99353,0.99541,0.99314,0.97332,0.97751,0.97592,0.97944,0.979,0.99101,0.34159,0.38898,0.34825,0.39995,0.87922,0.99002,0.97801,0.91123,0.48616,0.28019
6,0.99959,0.99572,0.99957,0.99962,0.98085,0.9998,1.0,0.99357,0.99481,0.9964,0.99961,0.46882,0.7977,0.72607,0.83316,0.99431,0.99349,0.99459,0.99557,0.99477,0.99342,0.99303,0.99271,0.99333,0.99171,0.99959,0.98085,0.98115,0.98159,0.99925,0.77239,0.75053,0.72107,0.72911,0.79534,0.99419,0.99204,0.99071,0.3038,0.99341,0.4984,0.9971,0.48411,0.99681,0.59075,0.99431,0.99349,0.99459,0.99557,0.99477,0.4984,0.48411,0.4874,0.49449,0.59075,0.99696,0.99676,0.99505,0.99676,0.99696,0.99736,0.99701,0.99497,0.99247,0.99542,0.99959,0.98085,0.98115,0.98218,0.99572,0.83383,0.4436,0.40722,0.46419,0.85541,0.99419,0.99419,0.99351,0.99502,0.99341,0.98975,0.99041,0.99253,0.99176,0.99303,0.96623,0.97273,0.97187,0.94152,0.95428,0.98373,0.99032,0.99656,0.63409,0.96207,0.99206,0.9947,0.99424,0.99529,0.93072,0.96456,0.93985,0.99182,0.96101,0.96224,0.40782,0.35364,0.99965,0.99483,0.99658,0.99583,0.99524,0.9998,1.0,0.99357,0.99481,0.9964,0.98695,0.52107,0.62407,0.79422,0.65107,0.99484,0.99338,0.9926,0.99314,0.99496,0.98112,0.97567,0.97599,0.27328,0.26074,0.97589,0.99477,0.99681,0.9917,0.99541,0.9971,0.99681,0.99502,0.9917,0.99541,0.9971,0.99339,0.99681,0.9917,0.98683,0.99276,0.99348,0.99425,0.98926,0.99629,0.99541,0.99502,0.99477,0.9945,0.99389,0.99572,0.99545,0.9954,0.99226,0.98115,0.99681,0.99728,0.99631,0.99562,0.98543,0.98544,0.9971,0.99681,0.99502,0.9917,0.99541,0.63332,0.64807,0.62942,0.51253,0.79646,0.99431,0.99349,0.99459,0.99557,0.99477,0.98373,0.99032,0.99656,0.63409,0.96207,0.99193,0.5131,0.96531,0.51153,0.985,0.99465,0.99168,0.99276,0.99464,0.99212,0.97012,0.97012,0.97026,0.97026,0.96608,0.99465,0.99168,0.99276,0.99464,0.99212,0.97337,0.97736,0.97586,0.97914,0.97879,0.99006,0.34105,0.38932,0.34943,0.40013,0.8773,0.98916,0.97752,0.912,0.48674,0.27917
7,0.99489,0.99667,0.99396,0.99462,0.99296,0.99401,0.99357,1.0,0.99951,0.99677,0.99475,0.47734,0.79333,0.73528,0.84281,0.99708,0.99701,0.99255,0.99463,0.99669,0.99764,0.99844,0.9971,0.99726,0.99639,0.99489,0.99296,0.99315,0.9933,0.9927,0.76253,0.73996,0.71065,0.7179,0.78393,0.99088,0.98868,0.98862,0.30436,0.99279,0.50796,0.99244,0.4968,0.99445,0.60481,0.99708,0.99701,0.99255,0.99463,0.99669,0.50796,0.4968,0.49513,0.49963,0.60481,0.99188,0.99394,0.99471,0.99394,0.99188,0.99229,0.99446,0.99471,0.99303,0.99436,0.99489,0.99296,0.99315,0.99368,0.99667,0.82318,0.44505,0.40435,0.45471,0.84695,0.99088,0.99088,0.99752,0.99581,0.99279,0.99681,0.99687,0.99692,0.99694,0.9967,0.97491,0.97845,0.97876,0.95181,0.96252,0.97927,0.99561,0.99446,0.62301,0.96104,0.9887,0.99302,0.99664,0.99532,0.92055,0.96296,0.94093,0.99362,0.96036,0.96096,0.40146,0.34431,0.99462,0.99788,0.99726,0.99549,0.99255,0.99401,0.99357,1.0,0.99951,0.99677,0.98541,0.53942,0.63887,0.8117,0.63993,0.99724,0.99693,0.99434,0.99261,0.99669,0.98158,0.97616,0.97676,0.28339,0.26199,0.97052,0.99354,0.99445,0.99246,0.99439,0.99244,0.99445,0.99472,0.99246,0.99439,0.99244,0.99417,0.99445,0.99246,0.98704,0.99661,0.99341,0.9952,0.992,0.99367,0.99439,0.99472,0.99354,0.99342,0.99372,0.99667,0.99698,0.99678,0.99682,0.99315,0.99707,0.99442,0.99587,0.99258,0.98058,0.98971,0.99244,0.99445,0.99472,0.99246,0.99439,0.62898,0.64201,0.62618,0.51493,0.78926,0.99708,0.99701,0.99255,0.99463,0.99669,0.97927,0.99561,0.99446,0.62301,0.96104,0.98818,0.52505,0.97084,0.52583,0.98972,0.99657,0.99721,0.9964,0.99485,0.99615,0.97063,0.97063,0.97114,0.97114,0.96708,0.99657,0.99721,0.9964,0.99485,0.99615,0.98498,0.98754,0.98679,0.98853,0.9884,0.99627,0.34452,0.38532,0.35314,0.40118,0.87598,0.99444,0.98375,0.91451,0.49749,0.2761
8,0.99617,0.99774,0.99565,0.99604,0.99016,0.99544,0.99481,0.99951,1.0,0.99779,0.99591,0.47396,0.7923,0.72935,0.83595,0.99799,0.9979,0.99498,0.99645,0.99794,0.99819,0.99833,0.99788,0.99812,0.99738,0.99617,0.99016,0.99045,0.99063,0.99463,0.76831,0.74512,0.7159,0.7233,0.78878,0.99276,0.99168,0.99086,0.30291,0.99373,0.50385,0.99504,0.48936,0.99657,0.59585,0.99799,0.9979,0.99498,0.99645,0.99794,0.50385,0.48936,0.4942,0.49585,0.59585,0.99452,0.99612,0.99657,0.99612,0.99452,0.99491,0.9966,0.99652,0.99544,0.99633,0.99617,0.99016,0.99045,0.99112,0.99774,0.8264,0.44549,0.40515,0.46137,0.84987,0.99276,0.99276,0.9983,0.99709,0.99373,0.99522,0.99574,0.99657,0.99635,0.99749,0.97178,0.9751,0.97585,0.94521,0.95713,0.98,0.99541,0.99667,0.63007,0.96263,0.9917,0.99513,0.99784,0.997,0.92887,0.96609,0.94189,0.99464,0.96007,0.96137,0.40404,0.35044,0.99585,0.99787,0.99765,0.99655,0.99418,0.99544,0.99481,0.99951,1.0,0.99779,0.98597,0.53032,0.63236,0.80393,0.64757,0.99817,0.99787,0.99565,0.99434,0.99809,0.98182,0.97658,0.97718,0.27257,0.26069,0.97369,0.99589,0.99657,0.99483,0.99637,0.99504,0.99657,0.99655,0.99483,0.99637,0.99504,0.99578,0.99657,0.99483,0.98958,0.99753,0.99576,0.99691,0.99376,0.9957,0.99637,0.99655,0.99589,0.99579,0.99573,0.99774,0.99802,0.99784,0.99734,0.99045,0.99784,0.99659,0.99754,0.9953,0.98538,0.99135,0.99504,0.99657,0.99655,0.99483,0.99637,0.62897,0.64237,0.62596,0.51932,0.79072,0.99799,0.9979,0.99498,0.99645,0.99794,0.98,0.99541,0.99667,0.63007,0.96263,0.98864,0.51785,0.97064,0.51691,0.98971,0.99629,0.99744,0.997,0.99636,0.99727,0.97178,0.97178,0.97201,0.97201,0.96792,0.99629,0.99744,0.997,0.99636,0.99727,0.98171,0.9852,0.98391,0.98685,0.98664,0.99672,0.34452,0.38721,0.35023,0.40123,0.88183,0.99511,0.9839,0.91095,0.49235,0.28455
9,0.99768,0.99661,0.99716,0.99749,0.98473,0.99701,0.9964,0.99677,0.99779,1.0,0.99731,0.4692,0.7988,0.72743,0.83453,0.99595,0.99517,0.99647,0.99708,0.9959,0.99568,0.99607,0.99531,0.99569,0.99403,0.99768,0.98473,0.98497,0.98528,0.99616,0.77247,0.75099,0.72134,0.72839,0.79456,0.99591,0.99473,0.99351,0.30691,0.99595,0.50171,0.99684,0.48446,0.9977,0.59192,0.99595,0.99517,0.99647,0.99708,0.9959,0.50171,0.48446,0.49048,0.49353,0.59192,0.99637,0.99728,0.99691,0.99728,0.99637,0.99671,0.99772,0.99694,0.99545,0.99672,0.99768,0.98473,0.98497,0.98587,0.99661,0.833,0.44466,0.40391,0.46343,0.85409,0.99591,0.99591,0.99587,0.99698,0.99595,0.99145,0.99208,0.99407,0.99335,0.99477,0.9696,0.9743,0.97488,0.94004,0.95482,0.98293,0.99156,0.99735,0.63159,0.95968,0.99475,0.9971,0.99569,0.9979,0.93174,0.9655,0.94064,0.9954,0.96125,0.96141,0.40562,0.34755,0.99747,0.99614,0.99689,0.99722,0.99504,0.99701,0.9964,0.99677,0.99779,1.0,0.98431,0.52667,0.62653,0.79421,0.64964,0.99659,0.99512,0.99602,0.99644,0.99651,0.98303,0.97758,0.97767,0.28057,0.26032,0.97456,0.99617,0.9977,0.99507,0.99673,0.99684,0.9977,0.99688,0.99507,0.99673,0.99684,0.99661,0.9977,0.99507,0.98924,0.99465,0.99613,0.99689,0.99288,0.99787,0.99673,0.99688,0.99617,0.99644,0.99672,0.99661,0.99652,0.99632,0.99481,0.98497,0.99847,0.99751,0.99786,0.99637,0.98808,0.99102,0.99684,0.9977,0.99688,0.99507,0.99673,0.63257,0.64869,0.62967,0.51213,0.7951,0.99595,0.99517,0.99647,0.99708,0.9959,0.98293,0.99156,0.99735,0.63159,0.95968,0.99148,0.51314,0.96904,0.51015,0.99037,0.99779,0.99383,0.99445,0.99639,0.99486,0.97063,0.97063,0.97076,0.97076,0.96685,0.99779,0.99383,0.99445,0.99639,0.99486,0.97664,0.98054,0.97928,0.98239,0.98183,0.99274,0.34428,0.38634,0.35112,0.40181,0.87964,0.99123,0.97967,0.91186,0.48782,0.2806
10,0.99979,0.99649,0.99963,0.99976,0.98239,0.99978,0.99961,0.99475,0.99591,0.99731,1.0,0.47058,0.79842,0.72598,0.83418,0.99529,0.99455,0.99534,0.99638,0.99569,0.99462,0.99439,0.99398,0.99452,0.99293,0.99979,0.98239,0.98266,0.98307,0.99929,0.77307,0.75081,0.7216,0.72917,0.79599,0.99507,0.99289,0.99145,0.30287,0.99427,0.49943,0.99773,0.48546,0.99761,0.59115,0.99529,0.99455,0.99534,0.99638,0.99569,0.49943,0.48546,0.48902,0.49472,0.59115,0.99738,0.99735,0.99581,0.99735,0.99738,0.9979,0.99778,0.99585,0.99351,0.99619,0.99979,0.98239,0.98266,0.98366,0.99649,0.83427,0.44414,0.40463,0.46521,0.85553,0.99507,0.99507,0.99467,0.99617,0.99427,0.99067,0.99126,0.99333,0.99252,0.99384,0.967,0.97332,0.97258,0.94201,0.95489,0.98397,0.99107,0.99729,0.63481,0.96285,0.99291,0.99556,0.99525,0.99632,0.93175,0.96565,0.9403,0.99282,0.96122,0.96242,0.40784,0.35205,0.99972,0.9957,0.99709,0.99648,0.996,0.99978,0.99961,0.99475,0.99591,0.99731,0.9877,0.5237,0.62459,0.79528,0.65216,0.99588,0.99448,0.99367,0.99405,0.99599,0.98179,0.97653,0.97664,0.27303,0.26307,0.97689,0.99557,0.99761,0.99277,0.99618,0.99773,0.99761,0.99589,0.99277,0.99618,0.99773,0.99435,0.99761,0.99277,0.98802,0.99386,0.99455,0.99528,0.99042,0.99709,0.99618,0.99589,0.99557,0.99533,0.9949,0.99649,0.99633,0.99624,0.99324,0.98266,0.99768,0.99795,0.99709,0.99626,0.98634,0.987,0.99773,0.99761,0.99589,0.99277,0.99618,0.63337,0.6467,0.62828,0.51715,0.79659,0.99529,0.99455,0.99534,0.99638,0.99569,0.98397,0.99107,0.99729,0.63481,0.96285,0.99194,0.51441,0.96577,0.51208,0.98621,0.99558,0.99279,0.99363,0.99537,0.9932,0.97029,0.97029,0.97045,0.97045,0.9664,0.99558,0.99279,0.99363,0.99537,0.9932,0.97444,0.97837,0.97692,0.98011,0.97979,0.99136,0.34164,0.38848,0.35036,0.40025,0.87768,0.99023,0.97871,0.91147,0.48789,0.2821
11,0.4696,0.46987,0.46586,0.46849,0.48949,0.46858,0.46882,0.47734,0.47396,0.4692,0.47058,1.0,0.46685,0.70563,0.57556,0.47288,0.47323,0.46638,0.46803,0.46939,0.47373,0.47675,0.47361,0.47242,0.4706,0.4696,0.48949,0.48883,0.48645,0.46631,0.4623,0.45859,0.4772,0.45763,0.45694,0.46709,0.46245,0.46544,0.34754,0.47184,0.9544,0.46422,0.96314,0.46675,0.84604,0.47288,0.47323,0.46638,0.46803,0.46939,0.9544,0.96314,0.97979,0.98038,0.84604,0.46369,0.46579,0.46681,0.46579,0.46369,0.46406,0.46523,0.46761,0.46558,0.46713,0.4696,0.48949,0.48883,0.48724,0.46987,0.45337,0.5357,0.38901,0.56936,0.44898,0.46709,0.46709,0.47353,0.47031,0.47184,0.49021,0.48868,0.48056,0.48216,0.47469,0.49628,0.49523,0.49512,0.52463,0.5086,0.4699,0.47984,0.46575,0.54452,0.46812,0.46076,0.46743,0.47062,0.46869,0.43932,0.45248,0.45428,0.47095,0.47133,0.46495,0.31364,0.33361,0.46977,0.47631,0.47694,0.47187,0.4694,0.46858,0.46882,0.47734,0.47396,0.4692,0.47052,0.93419,0.75095,0.61849,0.45324,0.47139,0.47092,0.46859,0.46745,0.47052,0.46932,0.47896,0.4722,0.3229,0.28832,0.45418,0.46499,0.46675,0.46642,0.46808,0.46422,0.46675,0.46845,0.46642,0.46808,0.46422,0.46808,0.46675,0.46642,0.46123,0.47328,0.46577,0.46768,0.46658,0.46524,0.46808,0.46845,0.46499,0.46588,0.46576,0.46987,0.47273,0.4724,0.47616,0.48883,0.47324,0.46519,0.47073,0.46469,0.45628,0.46712,0.46422,0.46675,0.46845,0.46642,0.46808,0.46695,0.46171,0.45176,0.51087,0.46087,0.47288,0.47323,0.46638,0.46803,0.46939,0.4699,0.47984,0.46575,0.54452,0.46812,0.47373,0.91961,0.47443,0.91826,0.47719,0.48175,0.47745,0.47581,0.47218,0.4726,0.46546,0.46546,0.46736,0.46736,0.46896,0.48175,0.47745,0.47581,0.47218,0.4726,0.49685,0.49378,0.49584,0.48748,0.48957,0.47566,0.34895,0.3852,0.20968,0.2094,0.43443,0.47441,0.47312,0.493,0.89711,0.31016
12,0.7971,0.80255,0.79831,0.79802,0.79495,0.79887,0.7977,0.79333,0.7923,0.7988,0.79842,0.46685,1.0,0.75224,0.84902,0.8016,0.80236,0.79906,0.8005,0.7994,0.80097,0.80194,0.80084,0.79989,0.79889,0.7971,0.79495,0.79382,0.79588,0.79507,0.70063,0.69245,0.66035,0.67504,0.73494,0.79234,0.79223,0.79365,0.39343,0.79471,0.50684,0.79533,0.48533,0.79304,0.58794,0.8016,0.80236,0.79906,0.8005,0.7994,0.50684,0.48533,0.47555,0.48097,0.58794,0.79354,0.79194,0.79873,0.79194,0.79354,0.7952,0.79307,0.80043,0.79429,0.79853,0.7971,0.79495,0.79382,0.7962,0.80255,0.80296,0.40743,0.40659,0.43072,0.798,0.79234,0.79234,0.79938,0.79359,0.79471,0.80503,0.8062,0.81177,0.80777,0.80356,0.81153,0.80448,0.81491,0.79327,0.78423,0.82403,0.80617,0.79557,0.58866,0.74805,0.79219,0.79889,0.79966,0.79679,0.76963,0.79176,0.75931,0.79757,0.77607,0.77311,0.39074,0.29622,0.79729,0.80226,0.80671,0.79988,0.79368,0.79887,0.7977,0.79333,0.7923,0.7988,0.78491,0.54534,0.54964,0.66391,0.51691,0.80109,0.80132,0.79524,0.79518,0.79804,0.80543,0.7978,0.79173,0.27466,0.28777,0.77707,0.79825,0.79304,0.79373,0.79809,0.79533,0.79304,0.80004,0.79373,0.79809,0.79533,0.795,0.79304,0.79373,0.79013,0.80262,0.79829,0.79578,0.79492,0.79426,0.79809,0.80004,0.79825,0.79845,0.79891,0.80255,0.80074,0.80184,0.80723,0.79382,0.79723,0.79858,0.80426,0.80393,0.80517,0.79557,0.79533,0.79304,0.80004,0.79373,0.79809,0.63392,0.66719,0.62332,0.47455,0.76127,0.8016,0.80236,0.79906,0.8005,0.7994,0.82403,0.80617,0.79557,0.58866,0.74805,0.80994,0.49709,0.81057,0.51447,0.81354,0.80652,0.80301,0.80992,0.80531,0.80533,0.83703,0.83703,0.83439,0.83439,0.83849,0.80652,0.80301,0.80992,0.80531,0.80533,0.80406,0.80531,0.80672,0.80387,0.79842,0.80442,0.29981,0.36136,0.33935,0.3843,0.67697,0.8058,0.79118,0.79074,0.50036,0.24386
13,0.7261,0.73027,0.72301,0.72515,0.75018,0.72496,0.72607,0.73528,0.72935,0.72743,0.72598,0.70563,0.75224,1.0,0.83241,0.73094,0.73226,0.71899,0.72298,0.72796,0.73281,0.73746,0.73188,0.73071,0.73031,0.7261,0.75018,0.74927,0.7492,0.72016,0.60505,0.62277,0.62355,0.61876,0.63239,0.71492,0.71084,0.71545,0.35773,0.72431,0.72873,0.71525,0.71869,0.71797,0.77096,0.73094,0.73226,0.71899,0.72298,0.72796,0.72873,0.71869,0.71542,0.72264,0.77096,0.71446,0.71754,0.7224,0.71754,0.71446,0.71652,0.71744,0.72228,0.71803,0.72105,0.7261,0.75018,0.74927,0.7493,0.73027,0.67053,0.48504,0.38513,0.47609,0.68306,0.71492,0.71492,0.7313,0.72229,0.72431,0.74987,0.7477,0.74687,0.74683,0.73542,0.76004,0.75066,0.75961,0.76386,0.75131,0.73628,0.74248,0.7191,0.70331,0.69675,0.7105,0.72064,0.72867,0.72232,0.65561,0.69806,0.69157,0.72567,0.71395,0.70743,0.32783,0.32215,0.72616,0.73678,0.73783,0.72814,0.71962,0.72496,0.72607,0.73528,0.72935,0.72743,0.72217,0.74907,0.71002,0.72531,0.5231,0.73009,0.73102,0.7235,0.72018,0.72582,0.73316,0.73148,0.72201,0.31409,0.2677,0.69494,0.71909,0.71797,0.71755,0.7214,0.71525,0.71797,0.72212,0.71755,0.7214,0.71525,0.7221,0.71797,0.71755,0.71079,0.7325,0.72018,0.72147,0.72163,0.71801,0.7214,0.72212,0.71909,0.7193,0.72132,0.73027,0.72978,0.72967,0.73824,0.74927,0.72871,0.72157,0.7282,0.72181,0.7087,0.71915,0.71525,0.71797,0.72212,0.71755,0.7214,0.60769,0.62181,0.62228,0.49828,0.65265,0.73094,0.73226,0.71899,0.72298,0.72796,0.73628,0.74248,0.7191,0.70331,0.69675,0.73819,0.73071,0.74537,0.72425,0.74389,0.73983,0.73813,0.74058,0.72868,0.73353,0.74847,0.74847,0.75025,0.75025,0.75139,0.73983,0.73813,0.74058,0.72868,0.73353,0.76086,0.75601,0.75937,0.7518,0.74933,0.73722,0.34581,0.36013,0.26256,0.30792,0.62296,0.73676,0.73073,0.74096,0.70053,0.27777
14,0.83227,0.83707,0.83019,0.83199,0.8599,0.83262,0.83316,0.84281,0.83595,0.83453,0.83418,0.57556,0.84902,0.83241,1.0,0.83808,0.83884,0.82418,0.82947,0.83469,0.8402,0.84524,0.83811,0.83761,0.83637,0.83227,0.8599,0.85853,0.86007,0.82597,0.67035,0.66697,0.64191,0.65217,0.69906,0.82148,0.81392,0.82075,0.35701,0.83046,0.61549,0.82122,0.60429,0.824,0.69089,0.83808,0.83884,0.82418,0.82947,0.83469,0.61549,0.60429,0.59634,0.60193,0.69089,0.82032,0.8227,0.82869,0.8227,0.82032,0.82109,0.82393,0.82933,0.82215,0.82726,0.83227,0.8599,0.85853,0.85945,0.83707,0.78746,0.41943,0.39975,0.44014,0.7664,0.82148,0.82148,0.83778,0.8293,0.83046,0.86009,0.85831,0.85543,0.85505,0.84186,0.86789,0.86283,0.86803,0.8808,0.86507,0.84574,0.85076,0.82477,0.60193,0.79824,0.81398,0.82603,0.83477,0.82879,0.74675,0.80335,0.79888,0.8328,0.83303,0.82398,0.35244,0.33197,0.83318,0.84495,0.84613,0.83476,0.8264,0.83262,0.83316,0.84281,0.83595,0.83453,0.82608,0.63947,0.64725,0.78586,0.48338,0.83732,0.83779,0.83012,0.82613,0.83238,0.841,0.83926,0.83316,0.29332,0.27717,0.79794,0.82462,0.824,0.82172,0.82697,0.82122,0.824,0.82915,0.82172,0.82697,0.82122,0.82777,0.824,0.82172,0.81706,0.83966,0.82479,0.82864,0.82735,0.82449,0.82697,0.82915,0.82462,0.82483,0.82669,0.83707,0.8365,0.83722,0.84537,0.85853,0.83585,0.82726,0.83491,0.82711,0.81,0.82664,0.82122,0.824,0.82915,0.82172,0.82697,0.63923,0.66028,0.62857,0.54357,0.72603,0.83808,0.83884,0.82418,0.82947,0.83469,0.84574,0.85076,0.82477,0.60193,0.79824,0.84626,0.61809,0.85356,0.61286,0.85157,0.84942,0.8455,0.84734,0.8354,0.84,0.86313,0.86313,0.86042,0.86042,0.86428,0.84942,0.8455,0.84734,0.8354,0.84,0.87173,0.86585,0.8706,0.86084,0.85694,0.8442,0.35233,0.37109,0.38533,0.40337,0.70115,0.84286,0.8352,0.85044,0.5875,0.25129
15,0.9955,0.99971,0.99549,0.99562,0.98905,0.99505,0.99431,0.99708,0.99799,0.99595,0.99529,0.47288,0.8016,0.73094,0.83808,1.0,0.99981,0.99715,0.99844,0.99984,0.99968,0.99906,0.99958,0.99973,0.99926,0.9955,0.98905,0.9894,0.98962,0.99474,0.77322,0.75096,0.72169,0.72922,0.79355,0.99281,0.99253,0.99138,0.30343,0.99263,0.50233,0.99513,0.48732,0.99614,0.59435,1.0,0.99981,0.99715,0.99844,0.99984,0.50233,0.48732,0.49145,0.49595,0.59435,0.99437,0.99539,0.99826,0.99539,0.99437,0.99503,0.99616,0.99862,0.99643,0.99841,0.9955,0.98905,0.9894,0.99023,0.99971,0.83142,0.44355,0.40572,0.46561,0.85253,0.99281,0.99281,0.99976,0.99753,0.99263,0.9949,0.99581,0.9973,0.99663,0.99873,0.97161,0.97287,0.97487,0.93948,0.95318,0.98177,0.99752,0.99754,0.63382,0.96311,0.99254,0.99674,0.99986,0.99765,0.93581,0.96874,0.94354,0.99492,0.95989,0.96131,0.40748,0.34901,0.99488,0.99922,0.99811,0.99802,0.99498,0.99505,0.99431,0.99708,0.99799,0.99595,0.98558,0.52784,0.62786,0.79834,0.65264,0.99988,0.99977,0.9954,0.99415,0.99969,0.9832,0.97771,0.97824,0.27383,0.26708,0.9751,0.99814,0.99614,0.99573,0.99841,0.99513,0.99614,0.99864,0.99573,0.99841,0.99513,0.99632,0.99614,0.99573,0.99133,0.99936,0.99779,0.99745,0.9946,0.99504,0.99841,0.99864,0.99814,0.99798,0.99774,0.99971,0.99984,0.99983,0.99887,0.9894,0.99723,0.99705,0.9983,0.99676,0.98867,0.99339,0.99513,0.99614,0.99864,0.99573,0.99841,0.63131,0.64494,0.62812,0.51925,0.79263,1.0,0.99981,0.99715,0.99844,0.99984,0.98177,0.99752,0.99754,0.63382,0.96311,0.98787,0.51375,0.97218,0.51166,0.99105,0.99508,0.99888,0.99808,0.9986,0.99882,0.97792,0.97792,0.97797,0.97797,0.97381,0.99508,0.99888,0.99808,0.9986,0.99882,0.98047,0.98456,0.98299,0.9865,0.98615,0.99821,0.3449,0.38722,0.35044,0.40234,0.88187,0.99784,0.98564,0.90976,0.49015,0.27776
16,0.9947,0.99929,0.99474,0.99484,0.98955,0.99429,0.99349,0.99701,0.9979,0.99517,0.99455,0.47323,0.80236,0.73226,0.83884,0.99981,1.0,0.9963,0.9977,0.99973,0.99968,0.99892,0.99965,0.99974,0.99962,0.9947,0.98955,0.98992,0.99015,0.99395,0.77298,0.75062,0.72134,0.72888,0.79304,0.99173,0.99166,0.99056,0.30505,0.99187,0.50216,0.9945,0.48727,0.99554,0.59455,0.99981,1.0,0.9963,0.9977,0.99973,0.50216,0.48727,0.49085,0.49489,0.59455,0.99373,0.9948,0.99758,0.9948,0.99373,0.9944,0.99556,0.99795,0.99603,0.99773,0.9947,0.98955,0.98992,0.99073,0.99929,0.83069,0.44471,0.40296,0.46502,0.85238,0.99173,0.99173,0.99971,0.99684,0.99187,0.99497,0.99596,0.99732,0.99663,0.99884,0.97155,0.97254,0.97471,0.93994,0.95272,0.98135,0.9979,0.99689,0.63304,0.96298,0.99167,0.9958,0.99978,0.99687,0.93617,0.96905,0.94367,0.99427,0.95884,0.96035,0.40838,0.34611,0.99409,0.99877,0.99764,0.99708,0.9941,0.99429,0.99349,0.99701,0.9979,0.99517,0.98525,0.52854,0.62891,0.79886,0.6525,0.99959,0.99993,0.99495,0.99338,0.99947,0.98241,0.97694,0.97748,0.28202,0.26325,0.97454,0.99753,0.99554,0.9953,0.99773,0.9945,0.99554,0.99797,0.9953,0.99773,0.9945,0.99559,0.99554,0.9953,0.99103,0.99959,0.99725,0.99692,0.99446,0.99425,0.99773,0.99797,0.99753,0.99731,0.997,0.99929,0.99951,0.99951,0.99899,0.98992,0.9965,0.99649,0.99776,0.99625,0.98834,0.99329,0.9945,0.99554,0.99797,0.9953,0.99773,0.62967,0.64593,0.62701,0.52149,0.79191,0.99981,1.0,0.9963,0.9977,0.99973,0.98135,0.9979,0.99689,0.63304,0.96298,0.98687,0.51516,0.97244,0.51159,0.99025,0.9942,0.99919,0.99832,0.99793,0.99904,0.97867,0.97867,0.97859,0.97859,0.97438,0.9942,0.99919,0.99832,0.99793,0.99904,0.98122,0.98533,0.98369,0.98727,0.98688,0.99887,0.34477,0.37747,0.35011,0.40132,0.88255,0.99852,0.98599,0.90905,0.49074,0.27536
17,0.99581,0.99796,0.99618,0.99598,0.9798,0.99544,0.99459,0.99255,0.99498,0.99647,0.99534,0.46638,0.79906,0.71899,0.82418,0.99715,0.9963,1.0,0.99963,0.99738,0.99611,0.99494,0.99619,0.99653,0.9954,0.99581,0.9798,0.98021,0.98052,0.99576,0.78112,0.76151,0.73093,0.73936,0.80379,0.9955,0.99681,0.99449,0.30649,0.99366,0.49062,0.99724,0.47575,0.99743,0.57836,0.99715,0.9963,1.0,0.99963,0.99738,0.49062,0.47575,0.48189,0.48523,0.57836,0.9965,0.99669,0.99917,0.99669,0.9965,0.99712,0.99742,0.9996,0.99761,0.9996,0.99581,0.9798,0.98021,0.9813,0.99796,0.83604,0.44514,0.40553,0.46911,0.85692,0.9955,0.9955,0.99655,0.99698,0.99366,0.98772,0.98916,0.99228,0.99105,0.99514,0.96432,0.96651,0.96842,0.92701,0.94395,0.98162,0.99161,0.99885,0.63737,0.96273,0.99682,0.99948,0.99733,0.99858,0.94613,0.9705,0.94304,0.99512,0.95839,0.96004,0.41414,0.35557,0.99514,0.99579,0.99572,0.99866,0.99531,0.99544,0.99459,0.99255,0.99498,0.99647,0.98375,0.50775,0.61923,0.78319,0.66658,0.99766,0.99637,0.99545,0.99611,0.998,0.98193,0.97643,0.97707,0.27872,0.26286,0.97789,0.99965,0.99743,0.99714,0.99959,0.99724,0.99743,0.99959,0.99714,0.99959,0.99724,0.99743,0.99743,0.99714,0.99292,0.99569,0.99929,0.99775,0.99442,0.99721,0.99959,0.99959,0.99965,0.99976,0.99953,0.99796,0.99772,0.99769,0.99497,0.98021,0.99669,0.99815,0.9983,0.99838,0.99395,0.99337,0.99724,0.99743,0.99959,0.99714,0.99959,0.6314,0.6465,0.62853,0.51117,0.79504,0.99715,0.9963,1.0,0.99963,0.99738,0.98162,0.99161,0.99885,0.63737,0.96273,0.98794,0.50577,0.96793,0.50559,0.98908,0.99366,0.99384,0.99409,0.99866,0.99565,0.97463,0.97463,0.97414,0.97414,0.97013,0.99366,0.99384,0.99409,0.99866,0.99565,0.97021,0.97573,0.97347,0.97854,0.97818,0.99305,0.33327,0.38929,0.35968,0.40293,0.88595,0.99282,0.98107,0.90125,0.47862,0.27628
18,0.99666,0.99908,0.9969,0.99685,0.98329,0.99629,0.99557,0.99463,0.99645,0.99708,0.99638,0.46803,0.8005,0.72298,0.82947,0.99844,0.9977,0.99963,1.0,0.99852,0.99761,0.99671,0.99752,0.99782,0.99667,0.99666,0.98329,0.98367,0.98392,0.99637,0.77837,0.75753,0.72764,0.73613,0.80005,0.99532,0.99566,0.99371,0.30582,0.99395,0.49707,0.99715,0.48332,0.99756,0.58391,0.99844,0.9977,0.99963,1.0,0.99852,0.49707,0.48332,0.48362,0.49043,0.58391,0.99643,0.99686,0.99951,0.99686,0.99643,0.99708,0.99758,0.9999,0.99726,0.99989,0.99666,0.98329,0.98367,0.98463,0.99908,0.83525,0.44431,0.40642,0.46806,0.85547,0.99532,0.99532,0.99787,0.99785,0.99395,0.9908,0.99197,0.99448,0.99346,0.99665,0.96777,0.9699,0.97163,0.93229,0.9487,0.98224,0.99369,0.99895,0.63757,0.9633,0.99567,0.99917,0.99846,0.99884,0.94217,0.97038,0.94271,0.99535,0.95987,0.96115,0.41252,0.35828,0.99599,0.99757,0.99725,0.99924,0.99614,0.99629,0.99557,0.99463,0.99645,0.99708,0.98566,0.52067,0.62273,0.7893,0.6622,0.99884,0.99769,0.99567,0.99582,0.99895,0.9826,0.97717,0.97787,0.28049,0.25995,0.97799,0.9997,0.99756,0.99667,0.99988,0.99715,0.99756,0.99988,0.99667,0.99988,0.99715,0.99736,0.99756,0.99667,0.9929,0.99712,0.9991,0.99788,0.9943,0.99703,0.99988,0.99988,0.9997,0.99968,0.99942,0.99908,0.99892,0.99889,0.99639,0.98367,0.9976,0.99837,0.9988,0.99824,0.99203,0.99327,0.99715,0.99756,0.99988,0.99667,0.99988,0.63194,0.64731,0.62824,0.51085,0.79518,0.99844,0.9977,0.99963,1.0,0.99852,0.98224,0.99369,0.99895,0.63757,0.9633,0.98893,0.50994,0.96907,0.50844,0.99023,0.995,0.99572,0.99573,0.99924,0.99679,0.97554,0.97554,0.97511,0.97511,0.97128,0.995,0.99572,0.99573,0.99924,0.99679,0.97402,0.97895,0.97696,0.98135,0.98105,0.99475,0.34514,0.38819,0.35176,0.40276,0.8828,0.99442,0.98308,0.90488,0.48664,0.27751
19,0.9959,0.99967,0.99606,0.99607,0.98749,0.99554,0.99477,0.99669,0.99794,0.9959,0.99569,0.46939,0.7994,0.72796,0.83469,0.99984,0.99973,0.99738,0.99852,1.0,0.99939,0.99846,0.99931,0.99955,0.99917,0.9959,0.98749,0.98788,0.98819,0.99547,0.77433,0.75267,0.72324,0.7312,0.79486,0.99325,0.99321,0.99179,0.3007,0.99268,0.49682,0.99592,0.48511,0.99673,0.59119,0.99984,0.99973,0.99738,0.99852,1.0,0.49682,0.48511,0.48774,0.49512,0.59119,0.99518,0.99603,0.99838,0.99603,0.99518,0.99585,0.99676,0.99866,0.99687,0.9986,0.9959,0.98749,0.98788,0.98882,0.99967,0.83139,0.44436,0.40313,0.46682,0.85296,0.99325,0.99325,0.99957,0.99766,0.99268,0.99397,0.99501,0.99674,0.99602,0.99856,0.96982,0.9715,0.97334,0.93831,0.9513,0.98158,0.99698,0.99807,0.63099,0.96394,0.99322,0.99685,0.9999,0.99774,0.93862,0.96987,0.94389,0.99479,0.9599,0.96153,0.40844,0.34891,0.9953,0.99878,0.99797,0.99782,0.99541,0.99554,0.99477,0.99669,0.99794,0.9959,0.98602,0.52493,0.62565,0.79622,0.65563,0.99974,0.9997,0.99547,0.99435,0.99981,0.98281,0.97722,0.97807,0.28023,0.26275,0.97641,0.99845,0.99673,0.99613,0.99861,0.99592,0.99673,0.9987,0.99613,0.99861,0.99592,0.9964,0.99673,0.99613,0.99181,0.99922,0.998,0.99766,0.99479,0.99548,0.99861,0.9987,0.99845,0.99823,0.99775,0.99967,0.99982,0.99982,0.99844,0.98788,0.99722,0.99763,0.99848,0.99737,0.98975,0.99313,0.99592,0.99673,0.9987,0.99613,0.99861,0.63111,0.64416,0.62757,0.51954,0.7928,0.99984,0.99973,0.99738,0.99852,1.0,0.98158,0.99698,0.99807,0.63099,0.96394,0.98765,0.51264,0.97117,0.50935,0.98995,0.99442,0.99845,0.99791,0.99844,0.99862,0.97751,0.97751,0.97737,0.97737,0.97315,0.99442,0.99845,0.99791,0.99844,0.99862,0.97869,0.98311,0.98135,0.98527,0.98493,0.99787,0.34491,0.37745,0.35025,0.40169,0.88436,0.99747,0.98502,0.90762,0.48715,0.27573
