,Elo_0,Elo_1,Elo_2,Elo_3,Elo_4,avg_refine_0,avg_refine_1,avg_refine_2,avg_refine_3,avg_refine_4,default_af_0,default_af_1,default_af_2,default_af_3,default_af_4,default_af_5,default_af_6,default_af_7,default_af_8,default_af_9,default_comp_0,default_comp_1,default_comp_2,default_comp_3,default_comp_4,default_comp_5,default_comp_6,default_comp_7,default_comp_8,default_comp_9,default_img_0,default_img_1,default_img_2,default_img_3,default_img_4,default_img_5,default_img_6,default_img_7,default_img_8,default_img_9,default_multimer_0,default_multimer_1,default_multimer_2,default_multimer_3,default_multimer_4,default_multimer_5,default_multimer_6,default_multimer_7,default_multimer_8,default_multimer_9,default_pdb70_0,default_pdb70_1,default_pdb70_2,default_pdb70_3,default_pdb70_4,default_pdb70_5,default_pdb70_6,default_pdb70_7,default_pdb70_8,default_pdb70_9,default_pdb_0,default_pdb_1,default_pdb_2,default_pdb_3,default_pdb_4,default_pdb_5,default_pdb_6,default_pdb_7,default_pdb_8,default_pdb_9,default_struct_0,default_struct_1,default_struct_2,default_struct_3,default_struct_4,default_struct_5,default_struct_6,default_struct_7,default_struct_8,default_struct_9,default_uniclust30_0,default_uniclust30_1,default_uniclust30_2,default_uniclust30_3,default_uniclust30_4,default_uniclust30_5,default_uniclust30_6,default_uniclust30_7,default_uniclust30_8,default_uniclust30_9,default_uniref30_22_0,default_uniref30_22_1,default_uniref30_22_2,default_uniref30_22_3,default_uniref30_22_4,default_uniref30_22_5,default_uniref30_22_6,default_uniref30_22_7,default_uniref30_22_8,default_uniref30_22_9,img_multimer_0,img_multimer_1,img_multimer_2,img_multimer_3,img_multimer_4,img_multimer_5,img_multimer_6,img_multimer_7,img_multimer_8,img_multimer_9,iter_1_0,iter_1_1,iter_1_2,iter_1_3,iter_1_4,iter_1_5,iter_1_6,iter_1_7,iter_1_8,iter_1_9,iter_1_old_0,iter_1_old_1,iter_1_old_2,iter_1_old_3,iter_1_old_4,iter_1_old_5,iter_1_old_6,iter_1_old_7,iter_1_old_8,iter_1_old_9,iter_2_old_0,iter_2_old_1,iter_2_old_2,iter_2_old_3,iter_2_old_4,iter_2_old_5,iter_2_old_6,iter_2_old_7,iter_2_old_8,iter_2_old_9,lewis_0,lewis_1,lewis_2,lewis_3,lewis_4,spec_af_0,spec_af_1,spec_af_2,spec_af_3,spec_af_4,spec_af_5,spec_af_6,spec_af_7,spec_af_8,spec_af_9,spec_comp_0,spec_comp_1,spec_comp_2,spec_comp_3,spec_comp_4,spec_comp_5,spec_comp_6,spec_comp_7,spec_comp_8,spec_comp_9,spec_iter_uniprot_sto_0,spec_iter_uniprot_sto_1,spec_iter_uniprot_sto_2,spec_iter_uniprot_sto_3,spec_iter_uniprot_sto_4,spec_iter_uniprot_sto_5,spec_iter_uniprot_sto_6,spec_iter_uniprot_sto_7,spec_iter_uniprot_sto_8,spec_iter_uniprot_sto_9,spec_iter_uniref_a3m_0,spec_iter_uniref_a3m_1,spec_iter_uniref_a3m_2,spec_iter_uniref_a3m_3,spec_iter_uniref_a3m_4,spec_iter_uniref_a3m_5,spec_iter_uniref_a3m_6,spec_iter_uniref_a3m_7,spec_iter_uniref_a3m_8,spec_iter_uniref_a3m_9,spec_iter_uniref_sto_0,spec_iter_uniref_sto_1,spec_iter_uniref_sto_2,spec_iter_uniref_sto_3,spec_iter_uniref_sto_4,spec_iter_uniref_sto_5,spec_iter_uniref_sto_6,spec_iter_uniref_sto_7,spec_iter_uniref_sto_8,spec_iter_uniref_sto_9,spec_pdb70_0,spec_pdb70_1,spec_pdb70_2,spec_pdb70_3,spec_pdb70_4,spec_pdb70_5,spec_pdb70_6,spec_pdb70_7,spec_pdb70_8,spec_pdb70_9,spec_pdb_0,spec_pdb_1,spec_pdb_2,spec_pdb_3,spec_pdb_4,spec_pdb_5,spec_pdb_6,spec_pdb_7,spec_pdb_8,spec_pdb_9,spec_struct_0,spec_struct_1,spec_struct_2,spec_struct_3,spec_struct_4,spec_struct_5,spec_struct_6,spec_struct_7,spec_struct_8,spec_struct_9,uniclust_oxmatch_a3m_0,uniclust_oxmatch_a3m_1,uniclust_oxmatch_a3m_2,uniclust_oxmatch_a3m_3,uniclust_oxmatch_a3m_4,uniclust_oxmatch_a3m_5,uniclust_oxmatch_a3m_6,uniclust_oxmatch_a3m_7,uniclust_oxmatch_a3m_8,uniclust_oxmatch_a3m_9
0,1.0,0.98688,0.98476,0.98614,0.99318,0.99766,0.95482,0.96493,0.96212,0.95805,0.99121,0.99109,0.99245,0.99246,0.99147,0.99151,0.99245,0.99241,0.99274,0.99276,0.99976,0.98665,0.99886,0.98659,0.99983,0.9977,0.98586,0.99503,0.98415,0.98436,0.99828,0.9922,0.98667,0.98647,0.98691,0.99196,0.98527,0.98828,0.98675,0.98442,0.98611,0.98578,0.99686,0.98604,0.98267,0.98435,0.99055,0.98263,0.98606,0.98324,0.99824,0.98653,0.99333,0.98608,0.9996,0.98846,0.98643,0.982,0.98642,0.98503,0.99791,0.9935,0.99877,0.99724,0.99356,0.99834,0.98681,0.98657,0.96849,0.98376,0.99813,0.98668,0.98628,0.99266,0.98856,0.99316,0.98495,0.98835,0.98671,0.9799,0.98664,0.98633,0.98492,0.98405,0.9937,0.98293,0.98743,0.98244,0.98509,0.98295,0.98593,0.9872,0.98599,0.98824,0.98715,0.98319,0.98668,0.99034,0.98493,0.985,0.98982,0.99104,0.98808,0.98855,0.98708,0.97687,0.98931,0.98924,0.97935,0.97733,0.99945,0.99389,0.99779,0.99482,0.98386,0.99303,0.98167,0.98719,0.9868,0.98824,0.99448,0.98688,0.98576,0.98286,0.98659,0.98737,0.98543,0.9793,0.9873,0.9796,0.98737,0.98609,0.98602,0.99554,0.98629,0.98047,0.98798,0.98261,0.98672,0.98503,0.99397,0.99399,0.98651,0.9865,0.98644,0.99279,0.99232,0.99176,0.99172,0.99281,0.99315,0.99312,0.99275,0.99257,0.99257,0.94423,0.85552,0.94233,0.85633,0.85166,0.95221,0.90915,0.8889,0.91556,0.91694,0.99628,0.99804,0.9968,0.99611,0.99664,0.99628,0.99497,0.99458,0.99269,0.98884,0.8558,0.90909,0.8805,0.88274,0.92116,0.87767,0.85967,0.92218,0.90095,0.82966,0.9985,0.9986,0.99856,0.99828,0.99764,0.99751,0.99627,0.99626,0.98978,0.98829,0.85395,0.85241,0.87037,0.88272,0.93546,0.88106,0.89186,0.86093,0.90496,0.91506,0.85649,0.93621,0.85588,0.87628,0.91335,0.95291,0.89673,0.88375,0.91709,0.8688,0.9427,0.9368,0.88528,0.96277,0.93533,0.91667,0.9217,0.85836,0.85842,0.86099,0.94465,0.87827,0.85779,0.87839,0.85894,0.91626,0.88044,0.89293,0.87885,0.90173
1,0.98688,1.0,0.99804,0.99955,0.98202,0.98573,0.95755,0.96337,0.9593,0.95571,0.98033,0.98019,0.98162,0.98167,0.98044,0.98043,0.98165,0.98162,0.98197,0.98182,0.98662,0.99983,0.98697,0.99965,0.98651,0.98734,0.99785,0.98482,0.99794,0.99767,0.98668,0.98948,0.99972,0.99783,0.99985,0.9895,0.99462,0.99708,0.99683,0.99792,0.99953,0.99911,0.98656,0.99807,0.99186,0.99351,0.99114,0.99215,0.99646,0.99338,0.98713,0.99977,0.99016,0.99751,0.98695,0.99701,0.99872,0.99535,0.99681,0.99369,0.98776,0.99022,0.9874,0.9871,0.99012,0.98747,0.9998,0.99733,0.98308,0.99234,0.98791,0.99968,0.99814,0.98933,0.99684,0.98947,0.99538,0.99831,0.99703,0.99306,0.99979,0.9995,0.99684,0.99227,0.98335,0.9923,0.98934,0.99201,0.99596,0.99328,0.99923,0.99967,0.99807,0.99773,0.99662,0.99264,0.98671,0.99081,0.9954,0.99579,0.9767,0.97794,0.97681,0.97753,0.97618,0.98875,0.97828,0.97784,0.96925,0.98697,0.9863,0.98236,0.98709,0.98485,0.99129,0.98966,0.99402,0.99728,0.997,0.99709,0.98331,0.99417,0.99164,0.98638,0.99011,0.98868,0.9919,0.96825,0.99511,0.98701,0.99523,0.99318,0.98964,0.98494,0.99297,0.96923,0.99362,0.98753,0.97556,0.98645,0.98271,0.98264,0.99966,0.9997,0.9997,0.98172,0.98127,0.98068,0.98065,0.98221,0.98212,0.98209,0.98223,0.98132,0.98132,0.94035,0.84582,0.94598,0.84688,0.84274,0.9568,0.90352,0.88395,0.90862,0.90752,0.98596,0.98574,0.98547,0.98491,0.98482,0.98627,0.98405,0.98396,0.98277,0.97912,0.8468,0.90377,0.87976,0.88476,0.9138,0.87833,0.85047,0.91594,0.89133,0.82131,0.98681,0.98742,0.98752,0.98672,0.98701,0.98676,0.98566,0.98573,0.97975,0.97866,0.84425,0.84301,0.87172,0.88412,0.93653,0.87598,0.88152,0.86379,0.90546,0.90398,0.84718,0.93176,0.84649,0.87887,0.90661,0.94723,0.89793,0.88512,0.91405,0.86176,0.93861,0.93356,0.88226,0.95475,0.9366,0.91027,0.91448,0.84881,0.84914,0.86593,0.93926,0.88167,0.84859,0.88172,0.85038,0.90926,0.88227,0.88436,0.88159,0.892
2,0.98476,0.99804,1.0,0.99895,0.98531,0.98656,0.95991,0.96575,0.96018,0.95755,0.97987,0.97973,0.98124,0.98136,0.98019,0.98018,0.98105,0.98102,0.98162,0.98148,0.98429,0.99765,0.98627,0.99715,0.98409,0.98696,0.99611,0.98725,0.998,0.99876,0.98673,0.98674,0.99756,0.99702,0.99788,0.98679,0.99731,0.99525,0.9977,0.99819,0.99909,0.99956,0.98765,0.99771,0.99489,0.99674,0.99097,0.99518,0.99815,0.99672,0.98654,0.99825,0.98787,0.99589,0.98461,0.99566,0.99734,0.99817,0.99802,0.99619,0.98636,0.98768,0.98615,0.98737,0.98766,0.98668,0.99787,0.99777,0.98141,0.99501,0.98685,0.99752,0.99688,0.98659,0.99613,0.98708,0.9975,0.99698,0.99782,0.99278,0.99836,0.99916,0.99815,0.9956,0.98668,0.99547,0.99187,0.99518,0.9984,0.99647,0.99952,0.99865,0.99756,0.99664,0.99732,0.99575,0.98958,0.99112,0.99817,0.99814,0.98042,0.98156,0.98035,0.98099,0.97947,0.99168,0.98171,0.98117,0.97152,0.98972,0.98425,0.98568,0.98677,0.9872,0.99483,0.98762,0.99698,0.99724,0.99746,0.99611,0.9839,0.99482,0.99163,0.98823,0.99031,0.98924,0.99341,0.97111,0.99519,0.98865,0.9952,0.99437,0.98948,0.98554,0.9941,0.97202,0.99396,0.98891,0.97768,0.98901,0.98582,0.98573,0.99777,0.99784,0.99793,0.98146,0.98136,0.98037,0.98037,0.9816,0.9819,0.98186,0.98182,0.98102,0.98101,0.94092,0.84658,0.94711,0.84816,0.84393,0.96047,0.9055,0.8873,0.90953,0.90901,0.98559,0.98501,0.98596,0.9859,0.98505,0.9845,0.98469,0.98499,0.98267,0.97842,0.84737,0.90501,0.88297,0.88762,0.91466,0.88149,0.85267,0.91872,0.89399,0.82379,0.98405,0.98583,0.98572,0.9839,0.98464,0.98442,0.98435,0.98385,0.97555,0.97422,0.84514,0.84438,0.8751,0.88735,0.93923,0.87933,0.88483,0.8675,0.90799,0.90676,0.84818,0.93383,0.84769,0.88222,0.90766,0.94884,0.90143,0.88714,0.91603,0.86559,0.94006,0.93637,0.88552,0.95844,0.93769,0.91267,0.91711,0.84974,0.85063,0.86991,0.94136,0.88509,0.84886,0.88509,0.85083,0.91149,0.8855,0.88745,0.88497,0.89501
3,0.98614,0.99955,0.99895,1.0,0.98286,0.9857,0.958,0.96318,0.95864,0.95529,0.98015,0.97999,0.98157,0.98163,0.98022,0.98021,0.98167,0.98163,0.98195,0.98181,0.98581,0.99942,0.98678,0.99912,0.98566,0.98716,0.99783,0.98549,0.99903,0.99885,0.98667,0.98888,0.99928,0.99783,0.9994,0.989,0.99548,0.99679,0.9978,0.99892,0.99986,0.99961,0.98692,0.99822,0.99273,0.99432,0.99128,0.99306,0.99725,0.9945,0.98703,0.99962,0.98956,0.99759,0.98622,0.99679,0.99862,0.99664,0.99773,0.99438,0.98734,0.98959,0.98716,0.98717,0.98953,0.98745,0.99945,0.99821,0.98381,0.99292,0.98778,0.99927,0.99803,0.98869,0.99665,0.98889,0.99628,0.99809,0.9979,0.99379,0.99969,0.99974,0.99741,0.9931,0.98414,0.99322,0.99021,0.99291,0.99705,0.99436,0.99974,0.99965,0.99821,0.99769,0.99696,0.99359,0.98763,0.99109,0.99655,0.99699,0.97727,0.97855,0.97753,0.97832,0.97658,0.98928,0.97902,0.97855,0.96952,0.98763,0.98552,0.98296,0.98698,0.9856,0.99202,0.9891,0.99472,0.99788,0.99785,0.99676,0.98288,0.99389,0.99095,0.986,0.98939,0.98871,0.99215,0.96798,0.99475,0.98754,0.99484,0.99293,0.98866,0.98477,0.99276,0.969,0.99336,0.98763,0.9753,0.98714,0.98346,0.98334,0.99941,0.99945,0.99948,0.98177,0.98141,0.9806,0.98056,0.9823,0.98219,0.98217,0.98232,0.98123,0.98123,0.93921,0.84508,0.945,0.84607,0.84167,0.95606,0.90307,0.88412,0.90768,0.90659,0.98549,0.98526,0.98513,0.98473,0.98433,0.98551,0.98357,0.98365,0.98243,0.97873,0.84595,0.90323,0.88019,0.88482,0.91333,0.87871,0.85005,0.91593,0.89132,0.82047,0.98604,0.98702,0.98707,0.98588,0.98625,0.98611,0.98501,0.98493,0.97871,0.97771,0.84349,0.84228,0.87191,0.8843,0.93603,0.87617,0.8817,0.86274,0.90487,0.90389,0.84627,0.9315,0.84566,0.87924,0.90599,0.94594,0.89797,0.88462,0.91349,0.861,0.93784,0.93312,0.88255,0.95441,0.93548,0.90995,0.91438,0.84803,0.84833,0.8651,0.93902,0.88201,0.84787,0.88203,0.84964,0.90942,0.88248,0.88479,0.88191,0.89247
4,0.99318,0.98202,0.98531,0.98286,1.0,0.99585,0.95329,0.96366,0.95933,0.95687,0.98817,0.98805,0.98946,0.98959,0.98866,0.98866,0.98907,0.98905,0.98979,0.98967,0.99314,0.9814,0.9946,0.98097,0.99281,0.99546,0.98038,0.99829,0.98212,0.98356,0.99589,0.98445,0.98132,0.98222,0.98188,0.98429,0.98837,0.98256,0.98531,0.98222,0.98301,0.98393,0.9966,0.98276,0.98786,0.98781,0.98779,0.98788,0.98628,0.98875,0.99531,0.98211,0.98612,0.98076,0.99323,0.98324,0.9825,0.98609,0.98571,0.98843,0.99424,0.98622,0.99383,0.99589,0.98633,0.99423,0.98196,0.98465,0.96561,0.98832,0.99414,0.98136,0.98138,0.98488,0.98415,0.98586,0.98695,0.98395,0.98523,0.97794,0.98223,0.98338,0.98415,0.98889,0.99901,0.98779,0.99004,0.98792,0.98687,0.98859,0.98384,0.98346,0.98254,0.98299,0.98534,0.98766,0.99216,0.98846,0.9874,0.98687,0.99577,0.99718,0.99563,0.99603,0.99391,0.98279,0.99661,0.99609,0.9857,0.98342,0.99313,0.99853,0.99525,0.99786,0.98882,0.9864,0.98679,0.98437,0.98461,0.98454,0.99326,0.98554,0.98302,0.9836,0.98433,0.98624,0.98605,0.98304,0.98449,0.9784,0.98487,0.98545,0.98296,0.99299,0.98503,0.98392,0.98498,0.98337,0.98834,0.98731,0.9996,0.99954,0.98158,0.98164,0.9817,0.98959,0.98932,0.98863,0.98865,0.9895,0.99006,0.99004,0.98969,0.98936,0.98934,0.94289,0.85488,0.9424,0.85656,0.8523,0.95418,0.90768,0.89188,0.91677,0.91713,0.99435,0.9944,0.99502,0.9951,0.99477,0.99268,0.99422,0.99438,0.9915,0.98689,0.85577,0.90782,0.88336,0.88456,0.91795,0.88031,0.86146,0.92152,0.90264,0.83081,0.9919,0.99345,0.99325,0.99176,0.99263,0.99242,0.99233,0.99154,0.98265,0.98108,0.85348,0.85273,0.87288,0.88508,0.93788,0.88402,0.89474,0.86335,0.90471,0.91473,0.85628,0.93742,0.85597,0.8791,0.91217,0.95206,0.89835,0.88474,0.91605,0.87152,0.94203,0.93867,0.88832,0.96541,0.9352,0.91483,0.92144,0.85767,0.85928,0.86478,0.94633,0.88165,0.85716,0.88187,0.85912,0.91803,0.88375,0.89489,0.88273,0.90413
5,0.99766,0.98573,0.98656,0.9857,0.99585,1.0,0.957,0.96771,0.96429,0.9614,0.99195,0.99185,0.99308,0.99316,0.99233,0.99237,0.99263,0.9926,0.99326,0.9932,0.99725,0.98496,0.99916,0.98459,0.99719,0.99829,0.98501,0.99708,0.98385,0.98505,0.999,0.98916,0.9852,0.98694,0.98564,0.9889,0.98745,0.98742,0.98736,0.9843,0.986,0.98667,0.99869,0.98701,0.98478,0.98791,0.99097,0.98473,0.98826,0.98608,0.99834,0.98554,0.99068,0.98523,0.99707,0.98807,0.98574,0.98403,0.9873,0.98674,0.99761,0.99057,0.99843,0.99825,0.99066,0.99849,0.98538,0.98668,0.96694,0.98581,0.99773,0.98498,0.98629,0.98947,0.98915,0.99048,0.98676,0.98731,0.98714,0.97923,0.98581,0.98661,0.9876,0.98724,0.9967,0.98503,0.98986,0.98471,0.98727,0.98562,0.98654,0.9867,0.98678,0.98705,0.98918,0.98524,0.98901,0.99149,0.98708,0.98656,0.99256,0.99365,0.99112,0.99147,0.98979,0.97951,0.99257,0.99225,0.9813,0.97968,0.99749,0.99749,0.99851,0.99683,0.98746,0.99098,0.98414,0.98725,0.98695,0.98779,0.99637,0.98882,0.98666,0.9852,0.98766,0.98845,0.9873,0.98249,0.9881,0.98123,0.98853,0.98859,0.98657,0.99653,0.98804,0.98354,0.98872,0.98503,0.98951,0.98821,0.99641,0.9965,0.98522,0.98527,0.9853,0.99339,0.99342,0.99248,0.99253,0.99283,0.9936,0.99356,0.9932,0.9931,0.99309,0.94692,0.85614,0.94513,0.85828,0.85388,0.95714,0.91268,0.89323,0.91868,0.92104,0.99744,0.99784,0.99902,0.99874,0.99784,0.99622,0.9972,0.99707,0.99386,0.98929,0.85673,0.9122,0.8844,0.88677,0.92332,0.88138,0.86228,0.9263,0.90528,0.83485,0.99586,0.99775,0.9975,0.99564,0.9961,0.99595,0.99578,0.99519,0.98589,0.98419,0.85482,0.85421,0.87406,0.88688,0.94003,0.88542,0.89613,0.86602,0.90885,0.91938,0.85813,0.94013,0.85772,0.88007,0.91607,0.95676,0.90158,0.88711,0.92109,0.87415,0.94614,0.94153,0.88911,0.96719,0.93857,0.92005,0.92608,0.85946,0.86089,0.86604,0.94885,0.88223,0.8579,0.88249,0.8595,0.91984,0.88423,0.89645,0.88274,0.9054
6,0.95482,0.95755,0.95991,0.958,0.95329,0.957,1.0,0.98607,0.98396,0.98262,0.9476,0.94755,0.94823,0.94846,0.94927,0.94928,0.94806,0.94805,0.94894,0.949,0.95411,0.95698,0.95452,0.95648,0.95443,0.95364,0.95598,0.9536,0.95703,0.96011,0.9558,0.95365,0.95668,0.9591,0.95706,0.95294,0.96105,0.95694,0.96047,0.95753,0.95856,0.95949,0.95468,0.95849,0.96206,0.95903,0.95571,0.96202,0.96193,0.96031,0.95447,0.9577,0.95551,0.95569,0.95334,0.95823,0.95773,0.95979,0.96083,0.96011,0.95272,0.95436,0.95297,0.95391,0.95471,0.95292,0.95727,0.96007,0.93392,0.95955,0.95511,0.9576,0.95866,0.95462,0.96049,0.95586,0.96124,0.95924,0.96092,0.95239,0.95781,0.95897,0.96026,0.95903,0.95382,0.96269,0.95526,0.96216,0.96079,0.95957,0.95952,0.95831,0.95779,0.96222,0.95955,0.96272,0.95364,0.95533,0.96097,0.96014,0.9567,0.95677,0.95293,0.95259,0.95191,0.95889,0.95156,0.95217,0.94251,0.95734,0.95597,0.95531,0.95542,0.95488,0.96106,0.95657,0.95993,0.96058,0.96086,0.96043,0.95591,0.964,0.9613,0.96325,0.96349,0.95952,0.96406,0.94901,0.96558,0.97701,0.96373,0.96491,0.96052,0.96145,0.96549,0.94976,0.96855,0.96704,0.95345,0.96236,0.95345,0.95346,0.95683,0.95684,0.95705,0.94882,0.94843,0.94862,0.94872,0.9481,0.94934,0.9493,0.94827,0.95004,0.95001,0.96719,0.87317,0.98381,0.87456,0.86979,0.96989,0.93929,0.92747,0.9413,0.94097,0.95346,0.95518,0.95663,0.95694,0.9569,0.94901,0.95579,0.95654,0.95196,0.94657,0.87178,0.94093,0.92332,0.93086,0.95033,0.92166,0.87748,0.95304,0.93329,0.8579,0.95229,0.95366,0.95297,0.95175,0.95155,0.95071,0.95305,0.95158,0.93991,0.93705,0.87273,0.87224,0.91882,0.93042,0.97611,0.91814,0.92205,0.88215,0.93933,0.94307,0.87473,0.96705,0.87461,0.92347,0.94735,0.96611,0.93799,0.92898,0.95663,0.87923,0.97276,0.97184,0.92511,0.96794,0.97371,0.94437,0.95071,0.87637,0.87579,0.88384,0.96992,0.92515,0.87232,0.92508,0.87623,0.92152,0.92751,0.9263,0.92513,0.92947
7,0.96493,0.96337,0.96575,0.96318,0.96366,0.96771,0.98607,1.0,0.99318,0.99132,0.95994,0.95998,0.96026,0.96052,0.96174,0.96177,0.95953,0.95958,0.96085,0.96092,0.9638,0.96246,0.9646,0.96195,0.9642,0.96348,0.96028,0.9635,0.96092,0.96408,0.96563,0.96187,0.96202,0.96413,0.96276,0.96104,0.9665,0.96219,0.96509,0.96153,0.9638,0.96497,0.96442,0.96373,0.96804,0.96582,0.96445,0.96776,0.96712,0.96589,0.96387,0.96294,0.96447,0.95995,0.96298,0.96374,0.96184,0.96435,0.96596,0.96619,0.96217,0.96314,0.96291,0.96384,0.96337,0.96265,0.96297,0.96488,0.94071,0.96614,0.96394,0.96269,0.96337,0.96273,0.96626,0.9641,0.96571,0.9651,0.96597,0.95893,0.96316,0.9644,0.96576,0.96601,0.96401,0.96849,0.96455,0.96803,0.96598,0.96542,0.96496,0.96407,0.96297,0.96699,0.96548,0.96838,0.96301,0.96418,0.9663,0.96533,0.96821,0.968,0.96435,0.96375,0.96454,0.9661,0.96363,0.96399,0.95572,0.96517,0.96539,0.96636,0.96469,0.96418,0.96798,0.96508,0.96571,0.96489,0.96522,0.96591,0.96807,0.97133,0.96983,0.97229,0.9719,0.97158,0.97248,0.96239,0.97188,0.97113,0.97051,0.97265,0.97007,0.97194,0.97281,0.96296,0.97424,0.97495,0.96637,0.9733,0.96393,0.96402,0.96191,0.96201,0.96216,0.96067,0.96045,0.96073,0.96087,0.95933,0.96107,0.96102,0.95965,0.96196,0.96194,0.97443,0.87275,0.97635,0.87475,0.87043,0.98178,0.94323,0.921,0.93822,0.94158,0.96389,0.96548,0.96787,0.9682,0.96799,0.95943,0.96785,0.96822,0.96357,0.95874,0.872,0.9382,0.91523,0.91967,0.94558,0.91229,0.87793,0.95241,0.92698,0.85923,0.9618,0.96354,0.96283,0.96157,0.96133,0.9605,0.96363,0.96208,0.951,0.94789,0.87256,0.8722,0.90737,0.92027,0.97208,0.91249,0.91375,0.8952,0.94128,0.93571,0.87483,0.963,0.87472,0.91178,0.94177,0.98409,0.93162,0.92035,0.95267,0.89821,0.97635,0.97323,0.9179,0.98359,0.97137,0.95143,0.9494,0.87653,0.87603,0.89558,0.96868,0.91276,0.87177,0.91281,0.87596,0.91201,0.9164,0.91792,0.91319,0.92171
8,0.96212,0.9593,0.96018,0.95864,0.95933,0.96429,0.98396,0.99318,1.0,0.99713,0.95696,0.957,0.95713,0.95732,0.95858,0.9586,0.95648,0.95653,0.95738,0.95746,0.96097,0.95831,0.96147,0.95788,0.96138,0.96049,0.95647,0.95948,0.95597,0.95871,0.96258,0.95857,0.95802,0.95993,0.95863,0.95774,0.96065,0.95776,0.95917,0.95635,0.95925,0.96004,0.96095,0.95945,0.96254,0.95959,0.96026,0.96219,0.9608,0.95947,0.96096,0.95868,0.96103,0.956,0.96025,0.95923,0.95767,0.95857,0.95966,0.96033,0.95937,0.95985,0.96007,0.96067,0.96011,0.95969,0.95874,0.95904,0.93596,0.96032,0.96115,0.9586,0.95941,0.9595,0.96134,0.9609,0.9601,0.96008,0.95989,0.95341,0.95885,0.95986,0.96085,0.95971,0.95971,0.96284,0.95935,0.96235,0.95963,0.95908,0.96004,0.95958,0.9587,0.96249,0.96024,0.9628,0.95829,0.96018,0.9597,0.95888,0.96307,0.96295,0.95976,0.95931,0.9598,0.96031,0.95878,0.95914,0.95109,0.95863,0.96248,0.96209,0.9618,0.96017,0.96173,0.96172,0.9605,0.95957,0.95958,0.96118,0.96342,0.96462,0.96287,0.96308,0.96465,0.97045,0.96637,0.95519,0.96627,0.96827,0.96418,0.96543,0.96348,0.96706,0.96683,0.95575,0.96784,0.97303,0.95997,0.97121,0.95976,0.9599,0.95774,0.95785,0.95794,0.95743,0.95709,0.95755,0.95768,0.95618,0.95754,0.95748,0.95649,0.95869,0.95867,0.98269,0.87345,0.98001,0.87696,0.87268,0.97311,0.94755,0.92317,0.94455,0.94852,0.95938,0.961,0.96354,0.96336,0.96309,0.9564,0.96338,0.96311,0.9593,0.95486,0.87259,0.94355,0.91478,0.92154,0.95116,0.91153,0.88058,0.95319,0.93222,0.86453,0.95891,0.96048,0.95989,0.95863,0.95866,0.95789,0.96,0.95876,0.94822,0.94534,0.87343,0.87319,0.9073,0.92159,0.97347,0.91404,0.91663,0.8858,0.94196,0.93804,0.8764,0.9715,0.87647,0.91197,0.94836,0.98717,0.93126,0.92357,0.95573,0.89108,0.98434,0.97789,0.91726,0.9759,0.9737,0.95349,0.95325,0.87764,0.87935,0.88605,0.97386,0.91286,0.8724,0.91298,0.87644,0.91546,0.91638,0.92085,0.91295,0.92535
9,0.95805,0.95571,0.95755,0.95529,0.95687,0.9614,0.98262,0.99132,0.99713,1.0,0.95431,0.95438,0.95433,0.95457,0.95592,0.95594,0.95355,0.95361,0.95448,0.95454,0.95691,0.95465,0.95807,0.95396,0.95727,0.95723,0.95282,0.95679,0.9526,0.95547,0.95925,0.95415,0.95433,0.95657,0.95499,0.95334,0.95841,0.9544,0.95626,0.95302,0.95589,0.95699,0.95805,0.95632,0.95995,0.95783,0.95685,0.9596,0.95847,0.95747,0.95749,0.95511,0.9567,0.95231,0.95615,0.95599,0.95405,0.95584,0.95683,0.95793,0.95577,0.95552,0.95653,0.9575,0.95577,0.95624,0.95512,0.95608,0.93318,0.95815,0.95748,0.95484,0.95591,0.95504,0.95834,0.95652,0.95755,0.95683,0.95702,0.95038,0.95533,0.95659,0.95829,0.95788,0.95731,0.96026,0.95659,0.95983,0.95741,0.95709,0.95694,0.95618,0.95547,0.95859,0.95777,0.96018,0.95552,0.9569,0.95746,0.95645,0.96085,0.96059,0.95762,0.95716,0.95772,0.95832,0.95664,0.95677,0.94923,0.95701,0.95844,0.95983,0.95845,0.95736,0.95985,0.95746,0.95809,0.95649,0.95651,0.958,0.96051,0.96204,0.96018,0.96104,0.96186,0.96694,0.96342,0.95359,0.96353,0.96617,0.9613,0.96303,0.9608,0.96409,0.96442,0.95402,0.96498,0.97047,0.95787,0.96874,0.95729,0.95744,0.95415,0.9543,0.95438,0.9547,0.9546,0.95494,0.9551,0.9531,0.95462,0.95457,0.95367,0.95591,0.9559,0.98118,0.87206,0.97943,0.87575,0.87211,0.97224,0.94628,0.92566,0.94593,0.94879,0.95659,0.95791,0.96113,0.96115,0.96038,0.95315,0.96092,0.96087,0.95664,0.9522,0.87164,0.94598,0.91706,0.92225,0.95148,0.91402,0.87996,0.9517,0.93457,0.86704,0.95482,0.95687,0.95625,0.95459,0.95475,0.95408,0.95655,0.95517,0.94435,0.9415,0.87201,0.8719,0.9095,0.92225,0.97611,0.91676,0.91869,0.88442,0.94102,0.93645,0.87499,0.9733,0.87526,0.91507,0.95019,0.98501,0.93148,0.92433,0.95511,0.89053,0.98579,0.97827,0.91948,0.97475,0.97356,0.95182,0.95507,0.8764,0.8785,0.88519,0.97562,0.9153,0.87091,0.91558,0.87542,0.91658,0.91885,0.92209,0.9154,0.9273
10,0.99121,0.98033,0.97987,0.98015,0.98817,0.99195,0.9476,0.95994,0.95696,0.95431,1.0,0.99999,0.99978,0.99976,0.99974,0.99975,0.99965,0.99967,0.99951,0.9996,0.99118,0.97953,0.99191,0.97914,0.99075,0.9923,0.97696,0.99056,0.97831,0.97794,0.99179,0.97952,0.97872,0.97844,0.97959,0.9796,0.97844,0.97996,0.98005,0.97774,0.97966,0.97986,0.99169,0.97935,0.97623,0.98053,0.98142,0.97587,0.98122,0.97894,0.99112,0.97898,0.98129,0.97716,0.99148,0.98009,0.97754,0.97616,0.98063,0.98005,0.99209,0.98173,0.99162,0.99253,0.98168,0.99203,0.98009,0.98071,0.97647,0.9794,0.99047,0.97848,0.97773,0.97986,0.98077,0.98069,0.97799,0.98087,0.9808,0.98203,0.97956,0.97993,0.97982,0.97984,0.98958,0.9764,0.9806,0.97595,0.9806,0.97961,0.97995,0.98118,0.97917,0.9789,0.9818,0.97649,0.97897,0.98214,0.98021,0.98032,0.98485,0.98625,0.98869,0.98915,0.98799,0.97456,0.98851,0.98697,0.98847,0.98028,0.98978,0.98917,0.99129,0.98926,0.97826,0.98058,0.97604,0.97916,0.97926,0.98099,0.99189,0.98235,0.98091,0.97878,0.98127,0.9847,0.98328,0.98267,0.98117,0.97327,0.98177,0.98153,0.98095,0.98792,0.98119,0.98369,0.98031,0.98085,0.98765,0.9841,0.98909,0.98922,0.97887,0.97906,0.97888,0.99955,0.99869,0.99984,0.99984,0.99917,0.99945,0.99945,0.99929,0.9997,0.9997,0.94117,0.85364,0.93892,0.85588,0.85379,0.9523,0.90515,0.88677,0.91299,0.91597,0.99219,0.99145,0.99286,0.99237,0.99196,0.99231,0.99311,0.99218,0.9948,0.99462,0.85502,0.90386,0.87726,0.87874,0.91503,0.8743,0.85929,0.91927,0.89889,0.83041,0.99201,0.99273,0.99283,0.99243,0.99322,0.9939,0.99154,0.991,0.99248,0.99163,0.8521,0.85166,0.86641,0.87911,0.93392,0.87831,0.88955,0.86204,0.90331,0.91352,0.85606,0.93452,0.85549,0.87286,0.90879,0.95332,0.89554,0.88082,0.91521,0.87299,0.93882,0.9353,0.8821,0.96029,0.93323,0.91247,0.91935,0.85711,0.85828,0.86158,0.9411,0.87473,0.85525,0.87492,0.85776,0.91215,0.8769,0.88773,0.87586,0.89866
11,0.99109,0.98019,0.97973,0.97999,0.98805,0.99185,0.94755,0.95998,0.957,0.95438,0.99999,1.0,0.99975,0.99973,0.99975,0.99976,0.9996,0.99962,0.99948,0.99957,0.99104,0.97937,0.99177,0.97897,0.99062,0.99215,0.97677,0.9904,0.97812,0.97777,0.99165,0.97932,0.97855,0.97829,0.97943,0.97939,0.97829,0.97978,0.97988,0.97754,0.9795,0.97972,0.99155,0.9792,0.97612,0.98043,0.98124,0.97577,0.98108,0.97881,0.99095,0.97881,0.98112,0.97696,0.99133,0.97992,0.97733,0.976,0.98047,0.97992,0.99191,0.98155,0.99146,0.99238,0.9815,0.99187,0.97993,0.98054,0.97643,0.97929,0.99029,0.97831,0.97756,0.97967,0.98063,0.98051,0.9778,0.98071,0.98064,0.98198,0.97941,0.97978,0.9797,0.97975,0.98944,0.9763,0.98042,0.97585,0.98044,0.97948,0.9798,0.98104,0.97901,0.97875,0.98167,0.97638,0.9788,0.98196,0.98006,0.98016,0.98482,0.98621,0.98865,0.9891,0.98799,0.97454,0.98847,0.98692,0.98856,0.98027,0.98964,0.98908,0.99113,0.98909,0.97817,0.9804,0.97593,0.97897,0.97907,0.98084,0.99184,0.98227,0.98087,0.97875,0.98121,0.98459,0.98318,0.9827,0.9811,0.97315,0.98167,0.98147,0.98094,0.98783,0.98114,0.98371,0.98022,0.98075,0.98764,0.98401,0.98896,0.9891,0.9787,0.97889,0.97871,0.99951,0.99867,0.99984,0.99984,0.99911,0.99941,0.99941,0.99924,0.99968,0.99968,0.94124,0.85375,0.93899,0.85601,0.85392,0.95247,0.90522,0.88685,0.91302,0.91605,0.99207,0.99133,0.99279,0.99231,0.99188,0.99216,0.99307,0.99213,0.99477,0.99463,0.85513,0.90389,0.8773,0.8788,0.91505,0.87436,0.85941,0.91932,0.89895,0.83055,0.99185,0.99259,0.99268,0.99229,0.99307,0.99374,0.99142,0.99088,0.99243,0.99156,0.85222,0.85179,0.86648,0.87917,0.93404,0.87838,0.88961,0.86226,0.90342,0.91359,0.85617,0.93459,0.85561,0.87293,0.90884,0.95348,0.89562,0.88091,0.91531,0.87319,0.93889,0.93541,0.88217,0.96039,0.93333,0.91254,0.9194,0.85722,0.85839,0.86177,0.94113,0.87476,0.85531,0.87496,0.85785,0.91214,0.87694,0.88775,0.8759,0.89867
12,0.99245,0.98162,0.98124,0.98157,0.98946,0.99308,0.94823,0.96026,0.95713,0.95433,0.99978,0.99975,1.0,0.99998,0.99951,0.99952,0.99986,0.99986,0.99976,0.99983,0.99239,0.98089,0.99327,0.98055,0.99201,0.99358,0.97862,0.99192,0.97998,0.97963,0.99306,0.98142,0.98018,0.97987,0.98097,0.98153,0.97998,0.98149,0.98172,0.97947,0.98113,0.98128,0.99309,0.98074,0.97749,0.98177,0.98325,0.97719,0.9827,0.98038,0.99256,0.98046,0.98301,0.97883,0.99275,0.98156,0.97931,0.9778,0.98221,0.98143,0.99346,0.98345,0.99305,0.99382,0.98342,0.99351,0.9814,0.98227,0.97661,0.98064,0.99206,0.97995,0.97923,0.9817,0.98213,0.98245,0.97972,0.98228,0.98232,0.98254,0.98099,0.98135,0.98111,0.98099,0.99093,0.97768,0.98242,0.97723,0.98213,0.98095,0.98137,0.9825,0.98063,0.98038,0.98313,0.97781,0.98078,0.98396,0.98172,0.98183,0.98563,0.9871,0.98923,0.98979,0.98835,0.97534,0.98923,0.98784,0.98785,0.98066,0.99109,0.99032,0.99266,0.99078,0.97944,0.98234,0.97741,0.98089,0.98096,0.98238,0.9925,0.98331,0.98163,0.97949,0.98202,0.9857,0.98432,0.98237,0.98216,0.97434,0.98287,0.98242,0.98141,0.98923,0.98203,0.98343,0.98142,0.98159,0.98786,0.98501,0.99036,0.99046,0.98036,0.98053,0.98037,0.99983,0.99902,0.99975,0.99973,0.99961,0.99978,0.99978,0.9997,0.9997,0.9997,0.9408,0.85327,0.93852,0.8554,0.85294,0.95177,0.90527,0.88668,0.91307,0.9157,0.99337,0.99271,0.99383,0.99338,0.99286,0.99345,0.99367,0.99292,0.99508,0.99439,0.85453,0.90405,0.87735,0.87883,0.91538,0.87441,0.85886,0.91944,0.89871,0.83003,0.99329,0.99407,0.99416,0.99358,0.9944,0.99498,0.99256,0.99207,0.99262,0.99184,0.85169,0.85118,0.86649,0.87918,0.93337,0.87828,0.88953,0.86143,0.90292,0.91351,0.85558,0.93413,0.85498,0.87279,0.90877,0.95268,0.89536,0.88044,0.91496,0.87252,0.93872,0.93487,0.88214,0.96049,0.9326,0.91269,0.91944,0.85667,0.85775,0.86101,0.94125,0.87488,0.85508,0.875,0.85743,0.91257,0.87688,0.88827,0.87594,0.89897
13,0.99246,0.98167,0.98136,0.98163,0.98959,0.99316,0.94846,0.96052,0.95732,0.95457,0.99976,0.99973,0.99998,1.0,0.99953,0.99954,0.99982,0.99983,0.99981,0.99984,0.9924,0.98095,0.9933,0.98061,0.99204,0.99364,0.97862,0.99204,0.98003,0.97973,0.99316,0.98141,0.98022,0.9799,0.98102,0.98149,0.98009,0.98147,0.9818,0.97952,0.98121,0.98137,0.99318,0.98077,0.97758,0.98184,0.98329,0.97728,0.9828,0.98049,0.99262,0.98053,0.98302,0.97879,0.99274,0.98156,0.97933,0.97794,0.98232,0.98157,0.9935,0.98345,0.99305,0.9939,0.98343,0.99351,0.98147,0.98236,0.97641,0.98079,0.99213,0.98002,0.97927,0.98169,0.98217,0.98245,0.97983,0.98237,0.98242,0.98256,0.98105,0.98143,0.98116,0.98106,0.99105,0.97778,0.98249,0.97733,0.98224,0.98106,0.98146,0.98257,0.98064,0.9804,0.98317,0.97791,0.98086,0.984,0.98183,0.98191,0.98584,0.9873,0.98945,0.98999,0.98855,0.9755,0.98935,0.98798,0.98801,0.9808,0.99114,0.99045,0.99273,0.9909,0.97956,0.98239,0.97758,0.98097,0.98106,0.98247,0.99272,0.9835,0.98187,0.97981,0.98226,0.98582,0.98444,0.9828,0.98235,0.97454,0.98303,0.98264,0.98164,0.98939,0.98224,0.98385,0.98161,0.98169,0.98821,0.98514,0.99048,0.99058,0.9804,0.98058,0.98042,0.9998,0.99898,0.99975,0.99973,0.99961,0.99979,0.99979,0.9997,0.99971,0.99971,0.94098,0.85357,0.93879,0.8557,0.85322,0.95216,0.90544,0.8869,0.91333,0.91588,0.99345,0.99278,0.99397,0.99353,0.99301,0.99343,0.99386,0.99312,0.99522,0.99445,0.8548,0.90422,0.87753,0.87904,0.91562,0.87459,0.85914,0.91967,0.89893,0.83036,0.99328,0.99408,0.99418,0.99356,0.99443,0.99494,0.99268,0.99216,0.99253,0.9917,0.85202,0.85151,0.86673,0.87938,0.93367,0.87848,0.88973,0.86193,0.90313,0.91379,0.85587,0.93434,0.85528,0.87301,0.90896,0.95295,0.89559,0.88066,0.91524,0.87288,0.93896,0.93516,0.88235,0.96082,0.93283,0.9129,0.91965,0.85698,0.85803,0.8615,0.94149,0.87509,0.85533,0.87524,0.85769,0.91273,0.87711,0.88848,0.87616,0.89918
14,0.99147,0.98044,0.98019,0.98022,0.98866,0.99233,0.94927,0.96174,0.95858,0.95592,0.99974,0.99975,0.99951,0.99953,1.0,0.99999,0.99934,0.99938,0.99942,0.99951,0.99142,0.97965,0.99188,0.9793,0.991,0.99255,0.97651,0.99099,0.9782,0.97815,0.99216,0.9794,0.97867,0.97831,0.97964,0.97935,0.97871,0.97957,0.98017,0.97758,0.97978,0.98003,0.99199,0.9791,0.9767,0.98061,0.98147,0.97632,0.98149,0.97925,0.99134,0.9791,0.98147,0.97666,0.99166,0.97985,0.97747,0.97655,0.98094,0.9806,0.99216,0.98181,0.99141,0.99283,0.9818,0.99182,0.98026,0.9809,0.97528,0.98004,0.99069,0.97864,0.97758,0.9799,0.98076,0.98088,0.97828,0.98117,0.98113,0.98231,0.97964,0.98004,0.97979,0.98001,0.99004,0.97694,0.98074,0.97646,0.9808,0.97997,0.98015,0.98132,0.97888,0.97907,0.98167,0.97695,0.97913,0.98221,0.98049,0.98052,0.98619,0.98749,0.98982,0.99013,0.98939,0.97553,0.9893,0.98787,0.9897,0.98119,0.99017,0.98968,0.99158,0.98966,0.97872,0.98084,0.97666,0.97931,0.97951,0.98135,0.99314,0.98338,0.98217,0.9804,0.98263,0.9854,0.98391,0.98506,0.9822,0.9746,0.98269,0.98276,0.98234,0.98902,0.98244,0.98603,0.98141,0.98155,0.98972,0.98489,0.98953,0.98966,0.97881,0.97901,0.97884,0.99918,0.99817,0.99954,0.99955,0.99885,0.99928,0.99928,0.99886,0.99975,0.99975,0.94319,0.8557,0.94125,0.85791,0.85609,0.95514,0.90699,0.88886,0.91475,0.91808,0.9923,0.99161,0.99325,0.99281,0.99261,0.99192,0.994,0.99305,0.99556,0.99522,0.85704,0.90541,0.8788,0.88054,0.91698,0.87587,0.86129,0.92141,0.9009,0.83332,0.99204,0.99272,0.99278,0.99248,0.99326,0.99379,0.99204,0.99133,0.99229,0.99108,0.85431,0.85395,0.86851,0.88102,0.93664,0.8802,0.89171,0.86571,0.90557,0.91616,0.85808,0.93654,0.85758,0.87467,0.91065,0.95574,0.89754,0.88299,0.91757,0.87576,0.94087,0.93788,0.88406,0.96254,0.93567,0.91433,0.92145,0.85925,0.86034,0.86515,0.94281,0.8763,0.85692,0.87645,0.85957,0.9136,0.87882,0.88948,0.87754,0.90029
15,0.99151,0.98043,0.98018,0.98021,0.98866,0.99237,0.94928,0.96177,0.9586,0.95594,0.99975,0.99976,0.99952,0.99954,0.99999,1.0,0.99934,0.99938,0.99942,0.99952,0.99144,0.97964,0.99193,0.97929,0.99104,0.99255,0.97655,0.99098,0.97818,0.97814,0.99218,0.97945,0.97868,0.97834,0.97964,0.9794,0.97872,0.9796,0.98017,0.97757,0.97977,0.98003,0.99199,0.97913,0.9767,0.98063,0.98149,0.97633,0.98147,0.97924,0.99135,0.97909,0.98151,0.97669,0.99168,0.97989,0.97747,0.97653,0.98092,0.98058,0.99216,0.98184,0.99145,0.99283,0.98184,0.99186,0.98025,0.98088,0.97522,0.98001,0.9907,0.97863,0.97761,0.97994,0.9808,0.98092,0.97827,0.98117,0.98111,0.98225,0.97965,0.98004,0.97981,0.98003,0.99003,0.97694,0.98075,0.97646,0.98078,0.97994,0.98015,0.98131,0.97891,0.97909,0.9817,0.97696,0.97915,0.98223,0.98047,0.9805,0.98621,0.9875,0.98982,0.99012,0.98937,0.97553,0.9893,0.98788,0.98963,0.98115,0.9902,0.98971,0.99159,0.98967,0.97875,0.98088,0.97664,0.97931,0.97949,0.98134,0.99312,0.98337,0.98217,0.98038,0.98261,0.98537,0.98389,0.98501,0.9822,0.97459,0.98268,0.98275,0.98235,0.98903,0.98244,0.98599,0.98141,0.98153,0.9897,0.98487,0.98954,0.98967,0.97882,0.97901,0.97885,0.9992,0.99822,0.99956,0.99957,0.99885,0.99929,0.99928,0.99887,0.99976,0.99976,0.9432,0.85569,0.94126,0.85788,0.85605,0.95515,0.90703,0.88889,0.91476,0.9181,0.99231,0.99164,0.99329,0.99284,0.99262,0.99193,0.99399,0.99305,0.99551,0.99515,0.85703,0.90543,0.87881,0.88056,0.917,0.87588,0.86128,0.92144,0.9009,0.83332,0.99204,0.99274,0.9928,0.99248,0.99327,0.99379,0.99204,0.99133,0.99223,0.99103,0.8543,0.85392,0.86853,0.88104,0.93664,0.88022,0.89176,0.86568,0.90557,0.91617,0.85806,0.93655,0.85756,0.87468,0.91066,0.95575,0.89754,0.88299,0.91758,0.87577,0.9409,0.93788,0.88409,0.96259,0.93567,0.91437,0.92147,0.85924,0.8603,0.86512,0.94282,0.87631,0.85689,0.87645,0.85954,0.91363,0.87883,0.88951,0.8775,0.90031
16,0.99245,0.98165,0.98105,0.98167,0.98907,0.99263,0.94806,0.95953,0.95648,0.95355,0.99965,0.9996,0.99986,0.99982,0.99934,0.99934,1.0,0.99999,0.9997,0.99979,0.99252,0.98103,0.99312,0.98069,0.9921,0.99347,0.9787,0.99169,0.98026,0.97976,0.99288,0.98161,0.98026,0.97972,0.981,0.98177,0.97968,0.98157,0.98184,0.97969,0.98119,0.98119,0.99287,0.98057,0.97714,0.98129,0.98316,0.97685,0.9826,0.98017,0.99253,0.98054,0.9831,0.97895,0.99294,0.98154,0.97946,0.9777,0.98228,0.98127,0.99348,0.9836,0.99299,0.9937,0.98359,0.99348,0.9815,0.98244,0.97707,0.98037,0.99214,0.98012,0.97915,0.98192,0.98198,0.9826,0.97965,0.98238,0.98246,0.98278,0.98103,0.9813,0.98078,0.98051,0.99058,0.97733,0.98216,0.97686,0.98205,0.98078,0.98133,0.98253,0.98046,0.98044,0.98287,0.97747,0.98044,0.98381,0.98163,0.98182,0.98507,0.98659,0.98892,0.98953,0.98791,0.97495,0.98873,0.98739,0.98755,0.98046,0.99114,0.9897,0.99259,0.9906,0.97888,0.98239,0.9771,0.98107,0.98116,0.98243,0.99198,0.98292,0.98113,0.97887,0.98153,0.98555,0.98416,0.98164,0.98185,0.97441,0.98261,0.9819,0.98075,0.98887,0.98156,0.98272,0.98117,0.98138,0.98715,0.98478,0.98998,0.99004,0.98048,0.98065,0.98048,0.99972,0.99878,0.99964,0.99961,0.99978,0.99975,0.99976,0.99976,0.99964,0.99964,0.93989,0.85253,0.93786,0.85456,0.85194,0.9502,0.90432,0.88584,0.91211,0.91462,0.99307,0.99252,0.99331,0.99282,0.99245,0.99329,0.99309,0.99235,0.99484,0.99425,0.85375,0.90344,0.87669,0.87805,0.91486,0.87375,0.8579,0.91864,0.89793,0.82886,0.99359,0.99418,0.9943,0.99383,0.99455,0.99519,0.99239,0.99194,0.99304,0.99234,0.85086,0.85031,0.86563,0.87836,0.93239,0.87748,0.88864,0.85979,0.90178,0.91264,0.85479,0.93339,0.85413,0.87212,0.90818,0.95112,0.89456,0.8797,0.91406,0.87094,0.93788,0.93384,0.88142,0.95907,0.93168,0.91173,0.91865,0.85585,0.85682,0.85953,0.9404,0.87413,0.85455,0.87429,0.85684,0.91204,0.8763,0.88761,0.8753,0.89844
17,0.99241,0.98162,0.98102,0.98163,0.98905,0.9926,0.94805,0.95958,0.95653,0.95361,0.99967,0.99962,0.99986,0.99983,0.99938,0.99938,0.99999,1.0,0.99971,0.9998,0.99248,0.981,0.99305,0.98067,0.99206,0.99345,0.97861,0.99168,0.9802,0.97971,0.99286,0.98151,0.9802,0.97965,0.98095,0.98167,0.97964,0.98147,0.98178,0.97962,0.98114,0.98114,0.99283,0.98049,0.97712,0.98124,0.9831,0.97682,0.98256,0.98013,0.99251,0.9805,0.98303,0.97886,0.9929,0.98146,0.9794,0.97767,0.98224,0.98126,0.99345,0.98353,0.99291,0.99368,0.98353,0.9934,0.98148,0.9824,0.9771,0.98038,0.99208,0.98008,0.97907,0.98183,0.9819,0.98251,0.9796,0.98234,0.98242,0.98283,0.98098,0.98125,0.98071,0.98047,0.99056,0.97731,0.9821,0.97684,0.98201,0.98076,0.98129,0.9825,0.98038,0.98038,0.9828,0.97745,0.98038,0.98374,0.98159,0.98178,0.98511,0.98662,0.98896,0.98956,0.98797,0.97497,0.98875,0.98741,0.9877,0.98052,0.9911,0.98967,0.99255,0.99057,0.97886,0.98232,0.97709,0.981,0.9811,0.9824,0.99203,0.98295,0.98118,0.97894,0.98158,0.98557,0.98418,0.9818,0.98186,0.97443,0.98262,0.98194,0.98083,0.98887,0.9816,0.98287,0.98119,0.98141,0.98726,0.9848,0.98997,0.99004,0.98042,0.98059,0.98043,0.9997,0.99873,0.99964,0.99961,0.99977,0.99975,0.99975,0.99974,0.99965,0.99966,0.93997,0.85261,0.93795,0.85463,0.85207,0.95036,0.90437,0.8859,0.91219,0.91469,0.99305,0.99249,0.99328,0.9928,0.99246,0.99325,0.99313,0.99239,0.99492,0.99436,0.85384,0.90344,0.87672,0.87808,0.91485,0.87378,0.85799,0.91869,0.89798,0.82897,0.99353,0.99411,0.99423,0.99378,0.99453,0.99515,0.99238,0.99191,0.99308,0.99237,0.85094,0.8504,0.86567,0.87839,0.93251,0.87751,0.88868,0.86,0.90189,0.91271,0.85487,0.93347,0.85421,0.87216,0.90822,0.95128,0.89465,0.87977,0.91416,0.87108,0.93793,0.93394,0.88148,0.95916,0.9318,0.91178,0.91872,0.85594,0.85691,0.85973,0.94045,0.87416,0.85462,0.87433,0.85694,0.91207,0.87637,0.88761,0.87535,0.89846
18,0.99274,0.98197,0.98162,0.98195,0.98979,0.99326,0.94894,0.96085,0.95738,0.95448,0.99951,0.99948,0.99976,0.99981,0.99942,0.99942,0.9997,0.99971,1.0,0.99996,0.99271,0.98134,0.99345,0.98108,0.99239,0.99386,0.97888,0.99229,0.98047,0.98029,0.99343,0.98183,0.98055,0.98013,0.98133,0.98184,0.98031,0.98162,0.98224,0.97993,0.98157,0.98167,0.99339,0.98087,0.97775,0.98179,0.98358,0.97748,0.98314,0.98077,0.99292,0.98091,0.98343,0.979,0.99301,0.98177,0.97968,0.9784,0.98282,0.98194,0.99376,0.98386,0.99313,0.99413,0.98385,0.9936,0.98186,0.98285,0.976,0.9811,0.99252,0.98046,0.97953,0.98216,0.98236,0.9829,0.9802,0.98282,0.9829,0.98278,0.98139,0.98173,0.98122,0.981,0.99123,0.978,0.98264,0.97752,0.98256,0.98132,0.98179,0.98287,0.98078,0.98075,0.9832,0.97811,0.98105,0.98422,0.98214,0.98226,0.98625,0.9877,0.98972,0.9902,0.98876,0.97565,0.98939,0.98818,0.98811,0.98095,0.99153,0.99052,0.99299,0.99121,0.97966,0.98288,0.9779,0.98142,0.98159,0.98288,0.9931,0.9839,0.98239,0.98047,0.98278,0.98607,0.98465,0.98357,0.9828,0.97521,0.98349,0.98307,0.98197,0.98982,0.98262,0.98466,0.98215,0.98161,0.98884,0.98523,0.99062,0.99071,0.98074,0.9809,0.98076,0.99956,0.99864,0.99953,0.99951,0.99965,0.99986,0.99986,0.99967,0.99961,0.9996,0.94104,0.854,0.93894,0.85588,0.85332,0.9527,0.90534,0.88689,0.91354,0.91577,0.99366,0.99306,0.99412,0.99374,0.99337,0.99331,0.9941,0.99346,0.9955,0.99447,0.85502,0.904,0.8773,0.87898,0.91586,0.87431,0.85917,0.92007,0.8988,0.83071,0.99357,0.99424,0.99438,0.99379,0.99472,0.99499,0.99303,0.99248,0.99253,0.99157,0.8525,0.85195,0.86688,0.87938,0.93385,0.87828,0.8897,0.8629,0.90307,0.91422,0.85616,0.93436,0.85556,0.87291,0.90871,0.95283,0.89558,0.8806,0.91541,0.87322,0.93913,0.93529,0.88244,0.96122,0.93292,0.91298,0.91962,0.85736,0.85814,0.86244,0.94159,0.87483,0.85567,0.87499,0.85794,0.91282,0.87711,0.88858,0.87603,0.89902
