,Elo_0,Elo_1,Elo_2,Elo_3,Elo_4,default_af_0,default_af_1,default_af_2,default_af_3,default_af_4,default_af_5,default_af_6,default_af_7,default_af_8,default_af_9,default_comp_0,default_comp_1,default_comp_2,default_comp_3,default_comp_4,default_comp_5,default_comp_6,default_comp_7,default_comp_8,default_comp_9,default_img_0,default_img_1,default_img_2,default_img_3,default_img_4,default_img_5,default_img_6,default_img_7,default_img_8,default_img_9,default_multimer_0,default_multimer_1,default_multimer_2,default_multimer_3,default_multimer_4,default_multimer_5,default_multimer_6,default_multimer_7,default_multimer_8,default_multimer_9,default_pdb70_0,default_pdb70_1,default_pdb70_2,default_pdb70_3,default_pdb70_4,default_pdb70_5,default_pdb70_6,default_pdb70_7,default_pdb70_8,default_pdb70_9,default_pdb_0,default_pdb_1,default_pdb_2,default_pdb_3,default_pdb_4,default_pdb_5,default_pdb_6,default_pdb_7,default_pdb_8,default_pdb_9,default_struct_0,default_struct_1,default_struct_2,default_struct_3,default_struct_4,default_struct_5,default_struct_6,default_struct_7,default_struct_8,default_struct_9,default_uniclust30_0,default_uniclust30_1,default_uniclust30_2,default_uniclust30_3,default_uniclust30_4,default_uniclust30_5,default_uniclust30_6,default_uniclust30_7,default_uniclust30_8,default_uniclust30_9,default_uniref30_22_0,default_uniref30_22_1,default_uniref30_22_2,default_uniref30_22_3,default_uniref30_22_4,default_uniref30_22_5,default_uniref30_22_6,default_uniref30_22_7,default_uniref30_22_8,default_uniref30_22_9,img_multimer_0,img_multimer_1,img_multimer_2,img_multimer_3,img_multimer_4,img_multimer_5,img_multimer_6,img_multimer_7,img_multimer_8,img_multimer_9,iter_1_old_0,iter_1_old_1,iter_1_old_2,iter_1_old_3,iter_1_old_4,iter_1_old_5,iter_1_old_6,iter_1_old_7,iter_1_old_8,iter_1_old_9,iter_2_old_0,iter_2_old_1,iter_2_old_2,iter_2_old_3,iter_2_old_4,iter_2_old_5,iter_2_old_6,iter_2_old_7,iter_2_old_8,iter_2_old_9,lewis_0,lewis_1,lewis_2,lewis_3,lewis_4,pdb_iter_uniref_a3m_0,pdb_iter_uniref_a3m_1,pdb_iter_uniref_a3m_2,pdb_iter_uniref_a3m_3,pdb_iter_uniref_a3m_4,pdb_iter_uniref_a3m_5,pdb_iter_uniref_a3m_6,pdb_iter_uniref_a3m_7,pdb_iter_uniref_a3m_8,pdb_iter_uniref_a3m_9,spec_af_0,spec_af_1,spec_af_2,spec_af_3,spec_af_4,spec_af_5,spec_af_6,spec_af_7,spec_af_8,spec_af_9,spec_comp_0,spec_comp_1,spec_comp_2,spec_comp_3,spec_comp_4,spec_comp_5,spec_comp_6,spec_comp_7,spec_comp_8,spec_comp_9,spec_iter_uniprot_sto_0,spec_iter_uniprot_sto_1,spec_iter_uniprot_sto_2,spec_iter_uniprot_sto_3,spec_iter_uniprot_sto_4,spec_iter_uniprot_sto_5,spec_iter_uniprot_sto_6,spec_iter_uniprot_sto_7,spec_iter_uniprot_sto_8,spec_iter_uniprot_sto_9,spec_iter_uniref_a3m_0,spec_iter_uniref_a3m_1,spec_iter_uniref_a3m_2,spec_iter_uniref_a3m_3,spec_iter_uniref_a3m_4,spec_iter_uniref_a3m_5,spec_iter_uniref_a3m_6,spec_iter_uniref_a3m_7,spec_iter_uniref_a3m_8,spec_iter_uniref_a3m_9,spec_iter_uniref_sto_0,spec_iter_uniref_sto_1,spec_iter_uniref_sto_2,spec_iter_uniref_sto_3,spec_iter_uniref_sto_4,spec_iter_uniref_sto_5,spec_iter_uniref_sto_6,spec_iter_uniref_sto_7,spec_iter_uniref_sto_8,spec_iter_uniref_sto_9,spec_pdb70_0,spec_pdb70_1,spec_pdb70_2,spec_pdb70_3,spec_pdb70_4,spec_pdb70_5,spec_pdb70_6,spec_pdb70_7,spec_pdb70_8,spec_pdb70_9,spec_pdb_0,spec_pdb_1,spec_pdb_2,spec_pdb_3,spec_pdb_4,spec_pdb_5,spec_pdb_6,spec_pdb_7,spec_pdb_8,spec_pdb_9,spec_struct_0,spec_struct_1,spec_struct_2,spec_struct_3,spec_struct_4,spec_struct_5,spec_struct_6,spec_struct_7,spec_struct_8,spec_struct_9,uniclust_oxmatch_a3m_0,uniclust_oxmatch_a3m_1,uniclust_oxmatch_a3m_2,uniclust_oxmatch_a3m_3,uniclust_oxmatch_a3m_4,uniclust_oxmatch_a3m_5,uniclust_oxmatch_a3m_6,uniclust_oxmatch_a3m_7,uniclust_oxmatch_a3m_8,uniclust_oxmatch_a3m_9
0,1.0,0.99959,0.99705,0.99659,0.99739,0.97766,0.97807,0.97857,0.97931,0.98465,0.985,0.98539,0.98647,0.98538,0.98337,0.99825,0.99852,0.99596,0.99613,0.99688,0.99718,0.9976,0.99762,0.99772,0.99815,0.99902,0.99885,0.99582,0.99628,0.99562,0.9968,0.99766,0.99751,0.9976,0.99737,0.99922,0.99885,0.99649,0.99657,0.99686,0.99713,0.99723,0.99746,0.99672,0.99516,0.99885,0.99887,0.9959,0.99636,0.99679,0.99701,0.99637,0.99727,0.99727,0.99743,0.9986,0.99887,0.99596,0.99707,0.99735,0.99719,0.99719,0.99807,0.99663,0.99535,0.99859,0.99875,0.99597,0.99625,0.99661,0.99682,0.99773,0.99735,0.99757,0.99727,0.99691,0.99834,0.99527,0.99592,0.99693,0.99666,0.99694,0.99527,0.99471,0.98523,0.99832,0.99845,0.99428,0.99558,0.99723,0.99719,0.99738,0.99598,0.99701,0.99632,0.99302,0.99398,0.99588,0.99586,0.99591,0.9964,0.98942,0.99571,0.99556,0.95489,0.98398,0.93951,0.9756,0.96033,0.95996,0.98119,0.51909,0.51876,0.52953,0.50259,0.99358,0.98273,0.96805,0.96136,0.51579,0.52335,0.89495,0.93433,0.4786,0.47793,0.99818,0.99531,0.99666,0.99678,0.99768,0.98579,0.97684,0.49348,0.97809,0.96018,0.96694,0.54529,0.53795,0.54123,0.55811,0.9753,0.97568,0.97539,0.97552,0.98274,0.98392,0.98994,0.98678,0.99156,0.99152,0.49598,0.51085,0.49653,0.51037,0.49717,0.5112,0.50661,0.50727,0.51971,0.51306,0.99249,0.99234,0.97704,0.9766,0.97948,0.9788,0.97953,0.98231,0.99294,0.99221,0.4967,0.50912,0.49626,0.521,0.49795,0.49559,0.51173,0.51169,0.5137,0.51468,0.9935,0.99415,0.97884,0.97952,0.98345,0.98252,0.98901,0.98503,0.99347,0.99454,0.48523,0.49268,0.50787,0.49398,0.49752,0.50782,0.51583,0.50979,0.51222,0.5218,0.49542,0.49518,0.49447,0.51062,0.51285,0.50012,0.50639,0.50722,0.51476,0.51478,0.4902,0.48732,0.49229,0.49836,0.52535,0.51922,0.52078,0.50876,0.51052,0.51816,0.49385,0.4918,0.49099,0.52836,0.52951,0.49617,0.49832,0.50684,0.51136,0.46916
1,0.99959,1.0,0.99759,0.99776,0.99776,0.98117,0.98153,0.98205,0.9827,0.98727,0.98756,0.98777,0.98872,0.98837,0.9866,0.99812,0.99819,0.99683,0.99684,0.99714,0.99691,0.99782,0.99767,0.9976,0.99803,0.99843,0.99845,0.99664,0.997,0.99541,0.99653,0.99817,0.99772,0.99808,0.99766,0.9995,0.99938,0.99715,0.99728,0.9971,0.99727,0.99756,0.99818,0.99705,0.99697,0.99841,0.99844,0.99662,0.99708,0.99703,0.99728,0.99718,0.99759,0.99739,0.99786,0.99802,0.99828,0.99672,0.99766,0.99746,0.99739,0.99752,0.99755,0.99715,0.99499,0.99816,0.99822,0.99676,0.99699,0.99711,0.99682,0.99816,0.99753,0.99792,0.99735,0.99828,0.99939,0.99639,0.99687,0.99738,0.99664,0.99811,0.99635,0.99564,0.9846,0.99931,0.99934,0.99536,0.99636,0.99728,0.99739,0.9975,0.99745,0.99791,0.99702,0.99439,0.99563,0.99622,0.99606,0.99628,0.99676,0.98864,0.99608,0.99562,0.95137,0.98223,0.93683,0.9727,0.95981,0.95708,0.97926,0.52164,0.52095,0.5319,0.50451,0.99308,0.98313,0.96712,0.96077,0.51817,0.52581,0.88952,0.92962,0.48082,0.48031,0.99818,0.99648,0.9972,0.99729,0.99828,0.98565,0.97868,0.49558,0.9768,0.96035,0.96773,0.54849,0.54059,0.54401,0.56222,0.979,0.9794,0.9786,0.97872,0.98545,0.98652,0.99201,0.98954,0.99286,0.99285,0.49767,0.51255,0.49876,0.51237,0.49876,0.51396,0.50873,0.50971,0.52221,0.51559,0.99393,0.9938,0.97839,0.97825,0.98061,0.98029,0.98062,0.98391,0.9938,0.99329,0.49871,0.51124,0.49795,0.52334,0.50005,0.49729,0.51406,0.51415,0.51634,0.51716,0.99471,0.99529,0.98031,0.98089,0.98507,0.98382,0.99026,0.98653,0.99446,0.99529,0.48699,0.49422,0.50986,0.49576,0.49929,0.5101,0.51881,0.51195,0.51469,0.52442,0.4976,0.49684,0.49617,0.51233,0.51491,0.5022,0.50865,0.50959,0.51723,0.51736,0.49215,0.48922,0.49388,0.50038,0.5287,0.52161,0.52347,0.51107,0.51273,0.52085,0.49561,0.49393,0.49291,0.53084,0.53216,0.49803,0.50016,0.50945,0.51374,0.47088
2,0.99705,0.99759,1.0,0.99727,0.99989,0.98376,0.98414,0.98441,0.98512,0.99047,0.99085,0.99188,0.99264,0.99016,0.98846,0.99639,0.99645,0.99901,0.9991,0.9994,0.99903,0.99842,0.99832,0.9986,0.99822,0.99643,0.99651,0.99897,0.99916,0.99826,0.99876,0.99905,0.9986,0.99892,0.99873,0.99833,0.9988,0.99921,0.99919,0.99962,0.99954,0.999,0.999,0.99874,0.99773,0.99647,0.99657,0.99891,0.99909,0.99955,0.99966,0.99836,0.99863,0.99855,0.99863,0.99596,0.99626,0.99885,0.9993,0.99967,0.99966,0.99817,0.99773,0.99811,0.99501,0.99638,0.99659,0.99911,0.99932,0.99971,0.99925,0.99922,0.99875,0.99881,0.99856,0.99776,0.99785,0.99844,0.99899,0.9995,0.99854,0.9982,0.99654,0.99724,0.98564,0.99868,0.99867,0.99756,0.99826,0.99964,0.99975,0.99904,0.99837,0.99848,0.99862,0.99419,0.99507,0.99819,0.99771,0.99731,0.99779,0.98978,0.99713,0.99674,0.95197,0.98054,0.9393,0.97131,0.96298,0.95932,0.98066,0.52354,0.52276,0.53381,0.50607,0.99218,0.98275,0.96903,0.96358,0.51999,0.52784,0.89055,0.9306,0.48171,0.48098,0.99627,0.99874,0.99952,0.99839,0.99892,0.98617,0.98204,0.49727,0.97696,0.96112,0.969,0.55016,0.54222,0.54557,0.56429,0.98134,0.98167,0.98258,0.98261,0.98847,0.98947,0.9937,0.99138,0.99667,0.99667,0.49902,0.51393,0.50043,0.51351,0.50022,0.51569,0.51081,0.51165,0.524,0.51714,0.99672,0.99668,0.98155,0.98129,0.98416,0.98355,0.98429,0.98721,0.99771,0.99718,0.50057,0.51238,0.49933,0.52471,0.50177,0.49857,0.51564,0.51609,0.51831,0.51848,0.99763,0.99801,0.98352,0.98409,0.98842,0.98756,0.9938,0.98987,0.99809,0.99879,0.48871,0.49502,0.51077,0.49698,0.50054,0.51205,0.52057,0.51368,0.51669,0.52581,0.49916,0.49818,0.49736,0.5137,0.51583,0.50366,0.51041,0.51138,0.51874,0.51872,0.49324,0.49037,0.49534,0.50163,0.53071,0.52311,0.52529,0.51317,0.51471,0.52259,0.49749,0.49575,0.49425,0.53305,0.53441,0.49962,0.50226,0.51141,0.51509,0.47106
3,0.99659,0.99776,0.99727,1.0,0.99695,0.98122,0.98157,0.98223,0.9829,0.98672,0.98709,0.98814,0.98905,0.99041,0.98846,0.99353,0.99369,0.99593,0.99585,0.99636,0.99617,0.99478,0.995,0.99571,0.99481,0.99409,0.99399,0.99573,0.99597,0.99429,0.99597,0.99641,0.99546,0.9959,0.9955,0.99667,0.99751,0.99624,0.99653,0.99667,0.99652,0.99584,0.99652,0.99578,0.99761,0.99418,0.99421,0.99562,0.99619,0.99612,0.99645,0.99485,0.99554,0.99545,0.99544,0.99333,0.99384,0.99575,0.99625,0.99657,0.99635,0.99505,0.99434,0.99488,0.99135,0.99371,0.99395,0.99578,0.99613,0.99632,0.99629,0.99661,0.99563,0.99575,0.99553,0.99936,0.99828,0.99612,0.99634,0.99753,0.99734,0.99779,0.99569,0.99367,0.98283,0.99891,0.99887,0.99506,0.996,0.9968,0.99674,0.9966,0.99852,0.99652,0.99557,0.99789,0.99773,0.99675,0.99702,0.99609,0.99641,0.99192,0.99723,0.99667,0.95642,0.98408,0.94033,0.97443,0.96086,0.96229,0.98158,0.51931,0.51855,0.52959,0.5027,0.99271,0.98233,0.96913,0.96231,0.51578,0.52358,0.89578,0.93442,0.47932,0.47879,0.99368,0.99541,0.99699,0.99507,0.99627,0.98933,0.97838,0.49358,0.98069,0.96068,0.96808,0.54554,0.53799,0.54131,0.55866,0.97918,0.97964,0.97759,0.97764,0.98499,0.98618,0.99499,0.99172,0.99427,0.99417,0.49425,0.50837,0.49586,0.50796,0.49547,0.51049,0.50608,0.50706,0.51822,0.51277,0.99455,0.99426,0.97949,0.97903,0.98213,0.98122,0.98212,0.98475,0.99413,0.99393,0.49536,0.50684,0.49444,0.51864,0.49695,0.49399,0.51103,0.51134,0.51329,0.5141,0.99457,0.995,0.98124,0.982,0.98574,0.98489,0.99098,0.98736,0.9943,0.99506,0.48455,0.49049,0.5056,0.49216,0.49574,0.50749,0.51521,0.50934,0.51203,0.52062,0.4945,0.49307,0.49272,0.50841,0.51049,0.4989,0.50587,0.50641,0.51429,0.5143,0.48943,0.4867,0.4907,0.49699,0.52442,0.5173,0.51968,0.50825,0.50984,0.51695,0.49334,0.49116,0.49011,0.52749,0.52884,0.49515,0.49795,0.50667,0.51083,0.46856
4,0.99739,0.99776,0.99989,0.99695,1.0,0.98278,0.98319,0.98344,0.98416,0.98981,0.9902,0.99121,0.99203,0.9894,0.98761,0.99673,0.99685,0.99886,0.99896,0.99937,0.99918,0.99851,0.99852,0.99875,0.99851,0.99691,0.99699,0.99884,0.99908,0.99834,0.9989,0.99899,0.99871,0.99891,0.99883,0.99853,0.99886,0.99914,0.99909,0.99957,0.99953,0.99904,0.99893,0.99866,0.9972,0.99689,0.99698,0.99876,0.99899,0.99951,0.99968,0.99824,0.99868,0.9986,0.99863,0.99647,0.99675,0.99876,0.99932,0.99974,0.99971,0.99825,0.99805,0.99815,0.99554,0.99676,0.99701,0.999,0.99919,0.99961,0.99928,0.99917,0.99884,0.99877,0.99861,0.99737,0.99778,0.99817,0.99882,0.99939,0.99856,0.9979,0.99634,0.99713,0.98622,0.99854,0.99856,0.99736,0.99815,0.99971,0.99978,0.9991,0.99787,0.99833,0.99855,0.99364,0.99447,0.99805,0.99768,0.9972,0.99772,0.98984,0.99702,0.9967,0.9528,0.98091,0.94041,0.97205,0.9636,0.95993,0.9812,0.52302,0.52224,0.5333,0.50575,0.99232,0.98284,0.96973,0.96418,0.51946,0.52733,0.89194,0.93188,0.48154,0.4808,0.99653,0.99852,0.99944,0.99836,0.99886,0.98602,0.98145,0.49701,0.97726,0.96195,0.96957,0.5489,0.541,0.5444,0.56354,0.98028,0.98062,0.98169,0.98174,0.98782,0.98886,0.99315,0.99064,0.99634,0.99633,0.49889,0.51384,0.50025,0.51324,0.49997,0.5151,0.51027,0.51115,0.52364,0.51683,0.99613,0.99611,0.98106,0.98076,0.98364,0.98299,0.98375,0.98663,0.99732,0.99673,0.50056,0.5121,0.49912,0.52443,0.50161,0.49847,0.51529,0.51579,0.51799,0.5182,0.99716,0.99759,0.98303,0.98362,0.98786,0.98703,0.99334,0.98928,0.99777,0.99851,0.48853,0.49504,0.51067,0.49683,0.50068,0.51185,0.52054,0.51326,0.51643,0.52556,0.49921,0.49807,0.49723,0.5135,0.51577,0.50363,0.51005,0.51094,0.51843,0.51845,0.49313,0.49014,0.49513,0.50165,0.5303,0.52286,0.52491,0.51277,0.51448,0.52227,0.49721,0.49549,0.49408,0.53256,0.534,0.49941,0.50196,0.51105,0.51484,0.47128
5,0.97766,0.98117,0.98376,0.98122,0.98278,1.0,0.99997,0.9998,0.99981,0.99796,0.99789,0.99609,0.99608,0.99681,0.99769,0.98172,0.98051,0.98789,0.9872,0.9807,0.9771,0.98337,0.98263,0.98086,0.98078,0.97838,0.97961,0.98777,0.98695,0.97889,0.97619,0.98339,0.98324,0.98396,0.98409,0.98268,0.98361,0.98666,0.98684,0.98105,0.98058,0.98443,0.98482,0.9842,0.98781,0.97935,0.97916,0.98735,0.98693,0.98168,0.98153,0.98633,0.98403,0.98265,0.98416,0.97878,0.97869,0.98736,0.98593,0.98075,0.98151,0.9847,0.97854,0.98591,0.97832,0.97962,0.97863,0.98742,0.98696,0.98349,0.9787,0.98295,0.98286,0.98311,0.98211,0.98404,0.98347,0.98949,0.98816,0.98074,0.97542,0.98411,0.98322,0.98846,0.96572,0.98428,0.98411,0.98944,0.98733,0.98006,0.98118,0.98189,0.9867,0.9851,0.9868,0.98,0.9834,0.98233,0.9797,0.98148,0.98208,0.96153,0.979,0.97668,0.90571,0.947,0.90603,0.93083,0.94522,0.92455,0.94984,0.54861,0.54761,0.56039,0.52687,0.96915,0.96599,0.94734,0.94453,0.54416,0.55412,0.83768,0.88109,0.49999,0.4997,0.98217,0.98944,0.98176,0.98563,0.98415,0.96203,0.98912,0.51738,0.94505,0.94602,0.96046,0.58407,0.57299,0.57695,0.60646,0.99945,0.99946,0.99872,0.99878,0.99802,0.99762,0.99111,0.99616,0.98918,0.98956,0.51847,0.53465,0.52105,0.53445,0.52004,0.54139,0.53414,0.53578,0.55057,0.54148,0.99065,0.99093,0.9824,0.98509,0.98217,0.9851,0.98244,0.98904,0.98756,0.98887,0.52044,0.53381,0.51906,0.54963,0.52232,0.5178,0.53868,0.54182,0.54402,0.5433,0.98928,0.98879,0.98541,0.98466,0.99011,0.9868,0.98937,0.99017,0.98849,0.98651,0.50619,0.51223,0.53157,0.51494,0.52038,0.536,0.54902,0.53651,0.54231,0.55274,0.51923,0.51717,0.516,0.53609,0.53903,0.52487,0.53377,0.53495,0.54361,0.54348,0.51176,0.50813,0.51331,0.52189,0.56933,0.54841,0.55249,0.53767,0.53944,0.54888,0.5159,0.5146,0.5131,0.56231,0.56328,0.51923,0.52311,0.53513,0.5388,0.48686
6,0.97807,0.98153,0.98414,0.98157,0.98319,0.99997,1.0,0.99977,0.9998,0.99817,0.99808,0.99629,0.99634,0.99691,0.99772,0.98202,0.98084,0.98823,0.98754,0.98105,0.97754,0.98367,0.98299,0.98124,0.98115,0.97876,0.97999,0.98811,0.98731,0.97922,0.97663,0.9837,0.98359,0.98426,0.98443,0.98304,0.98395,0.98703,0.98722,0.98142,0.98094,0.98476,0.98511,0.98449,0.98799,0.97971,0.97951,0.9877,0.98729,0.98203,0.98192,0.98657,0.98436,0.98298,0.98445,0.97915,0.97907,0.98774,0.98629,0.98114,0.98189,0.98503,0.97892,0.98623,0.97875,0.97995,0.97898,0.98774,0.98729,0.98382,0.97909,0.98328,0.98321,0.98341,0.98245,0.98429,0.98376,0.98984,0.98852,0.98111,0.9759,0.98434,0.98349,0.98872,0.96631,0.98462,0.98444,0.98982,0.98775,0.98049,0.98158,0.98229,0.98693,0.98537,0.98712,0.98025,0.98355,0.98281,0.98024,0.9819,0.98251,0.96219,0.97951,0.97722,0.90677,0.94759,0.90717,0.93162,0.94601,0.92559,0.95067,0.54813,0.5471,0.55991,0.52668,0.96958,0.96626,0.9483,0.94534,0.54368,0.55354,0.83896,0.88231,0.49975,0.49944,0.98246,0.98973,0.98211,0.98593,0.98445,0.96255,0.98935,0.51699,0.94571,0.94692,0.96139,0.58299,0.57196,0.57574,0.60562,0.99931,0.99933,0.99874,0.99881,0.99819,0.99781,0.9914,0.99629,0.98959,0.98997,0.51811,0.53415,0.52061,0.53409,0.51976,0.54094,0.5337,0.53552,0.54983,0.54113,0.9909,0.99118,0.98274,0.9854,0.98255,0.98543,0.98278,0.98938,0.98788,0.9892,0.52019,0.53329,0.51875,0.54912,0.52197,0.51733,0.53797,0.54123,0.54354,0.54249,0.98952,0.98903,0.98576,0.98504,0.99046,0.98714,0.98974,0.99051,0.9888,0.98683,0.50585,0.51206,0.5311,0.5146,0.52024,0.53545,0.54873,0.53595,0.54174,0.55203,0.51906,0.51695,0.51595,0.5356,0.53848,0.52453,0.53334,0.53457,0.54304,0.5429,0.51138,0.50765,0.51307,0.52153,0.56838,0.54783,0.55204,0.53725,0.53903,0.54832,0.51561,0.51404,0.51286,0.56164,0.56266,0.51882,0.52276,0.53471,0.53828,0.4867
7,0.97857,0.98205,0.98441,0.98223,0.98344,0.9998,0.99977,1.0,0.99996,0.99798,0.99793,0.99603,0.99608,0.99712,0.99793,0.98244,0.98129,0.9885,0.98785,0.98138,0.97789,0.984,0.98342,0.98174,0.98145,0.97922,0.9804,0.98841,0.9876,0.97952,0.977,0.98404,0.98406,0.98459,0.98488,0.98345,0.98439,0.98733,0.98752,0.98174,0.98128,0.98519,0.98541,0.98501,0.98837,0.9802,0.97997,0.98802,0.98763,0.98236,0.98221,0.98692,0.98485,0.98351,0.98485,0.97957,0.97952,0.98804,0.9866,0.98145,0.98217,0.9855,0.97935,0.98667,0.97901,0.98042,0.97942,0.98804,0.98758,0.98408,0.97942,0.98363,0.98369,0.9838,0.98297,0.98488,0.98422,0.99011,0.98876,0.98143,0.97624,0.98476,0.98381,0.98905,0.96655,0.98511,0.98498,0.99009,0.98805,0.98078,0.98186,0.98276,0.98732,0.98567,0.98752,0.98108,0.9843,0.98315,0.98058,0.98246,0.98299,0.96273,0.97988,0.97764,0.90737,0.94837,0.90744,0.93232,0.94598,0.92631,0.95128,0.54737,0.54643,0.55909,0.52583,0.97014,0.96658,0.9485,0.94544,0.54303,0.55288,0.8398,0.88308,0.49879,0.49844,0.98291,0.98998,0.98242,0.98639,0.98478,0.96341,0.98937,0.5164,0.94661,0.94668,0.96116,0.58281,0.57197,0.57591,0.60468,0.99961,0.99963,0.99827,0.99836,0.99826,0.99792,0.99165,0.99649,0.98949,0.98987,0.51739,0.53354,0.52021,0.53348,0.51922,0.53984,0.53285,0.53444,0.5491,0.54036,0.99118,0.99144,0.98262,0.98527,0.98251,0.98537,0.98281,0.98934,0.98799,0.98925,0.51928,0.53256,0.51816,0.54837,0.521,0.51658,0.53745,0.54032,0.54277,0.54204,0.98987,0.98936,0.98565,0.98495,0.99043,0.98719,0.98985,0.9906,0.98896,0.98703,0.50518,0.51148,0.53044,0.51411,0.51953,0.53449,0.54739,0.53535,0.54093,0.5512,0.51786,0.5164,0.51531,0.53491,0.53751,0.52365,0.53243,0.53378,0.54219,0.5421,0.51061,0.50722,0.51254,0.52089,0.56775,0.54702,0.5511,0.53627,0.53812,0.54734,0.515,0.51339,0.51216,0.56085,0.56198,0.5181,0.52198,0.53412,0.53752,0.48607
8,0.97931,0.9827,0.98512,0.9829,0.98416,0.99981,0.9998,0.99996,1.0,0.99825,0.99821,0.99641,0.99649,0.99729,0.99803,0.98305,0.98194,0.98912,0.98849,0.98211,0.9787,0.98464,0.98408,0.98246,0.98214,0.97991,0.98107,0.98902,0.98824,0.98026,0.97782,0.98472,0.9847,0.98525,0.98552,0.98411,0.98505,0.98798,0.98817,0.98248,0.98202,0.98584,0.98604,0.98566,0.98891,0.98087,0.98065,0.98866,0.98827,0.98307,0.98294,0.9875,0.98549,0.98418,0.9855,0.98023,0.9802,0.98866,0.98725,0.9822,0.9829,0.98611,0.98008,0.98725,0.97965,0.98108,0.9801,0.98866,0.98822,0.98477,0.98019,0.98433,0.98436,0.98447,0.98365,0.9855,0.98484,0.9907,0.98939,0.98218,0.9771,0.98537,0.98438,0.98955,0.9673,0.98576,0.98563,0.99066,0.98868,0.98156,0.9826,0.98349,0.98793,0.98627,0.98811,0.98164,0.9848,0.9839,0.98139,0.98312,0.98365,0.96375,0.98066,0.97847,0.90881,0.94941,0.90858,0.93355,0.94669,0.92749,0.95238,0.54663,0.5457,0.55823,0.52538,0.97093,0.96718,0.94933,0.94616,0.54235,0.55214,0.84138,0.88461,0.49822,0.49789,0.98352,0.99056,0.98314,0.98699,0.98544,0.96418,0.9895,0.51586,0.94755,0.94734,0.9617,0.5816,0.57106,0.57491,0.6034,0.99947,0.9995,0.99838,0.99846,0.99842,0.9981,0.99207,0.99672,0.99013,0.99051,0.51682,0.53282,0.51942,0.53287,0.51825,0.53904,0.53225,0.53373,0.54834,0.53953,0.99173,0.99198,0.98293,0.9855,0.9829,0.98566,0.98319,0.98966,0.98863,0.98986,0.51869,0.53185,0.51728,0.54753,0.52043,0.51611,0.53682,0.53972,0.54213,0.54127,0.99044,0.98995,0.98596,0.98529,0.99077,0.98756,0.99036,0.99099,0.98958,0.9877,0.50477,0.51093,0.5298,0.51351,0.51889,0.53403,0.54651,0.53466,0.54013,0.55053,0.5174,0.51558,0.51459,0.53419,0.53706,0.52299,0.53176,0.533,0.54145,0.54141,0.51002,0.50667,0.51206,0.52025,0.5665,0.54628,0.5503,0.53582,0.53735,0.54669,0.51445,0.51289,0.51174,0.56,0.56116,0.51778,0.52149,0.53351,0.53664,0.48561
9,0.98465,0.98727,0.99047,0.98672,0.98981,0.99796,0.99817,0.99798,0.99825,1.0,0.99997,0.99849,0.99893,0.99668,0.99677,0.9879,0.98705,0.99381,0.99317,0.98774,0.98517,0.98983,0.98956,0.98819,0.98798,0.98549,0.98655,0.99372,0.99314,0.98587,0.98426,0.9898,0.99006,0.99033,0.99076,0.98907,0.9899,0.99288,0.99297,0.98822,0.98775,0.99095,0.99088,0.99053,0.99206,0.98622,0.9861,0.99331,0.99311,0.98873,0.98885,0.99196,0.9906,0.98948,0.99048,0.98568,0.98565,0.99334,0.99237,0.98811,0.98868,0.99098,0.98616,0.99194,0.98587,0.98635,0.98565,0.99341,0.99308,0.99006,0.98626,0.98968,0.98976,0.98958,0.98903,0.98892,0.98894,0.99482,0.99401,0.98773,0.98361,0.98936,0.98863,0.99374,0.97375,0.99001,0.98989,0.99482,0.99335,0.9877,0.98852,0.98914,0.99144,0.99076,0.99284,0.98466,0.98742,0.98946,0.98754,0.98855,0.98912,0.97113,0.98655,0.98481,0.9194,0.95619,0.91674,0.94226,0.95213,0.93601,0.96046,0.54174,0.54076,0.5533,0.52146,0.97651,0.97071,0.95545,0.95145,0.53744,0.54695,0.85287,0.89586,0.49546,0.49487,0.98811,0.99479,0.98858,0.99167,0.99031,0.96902,0.99073,0.51191,0.9538,0.9529,0.96607,0.5741,0.56384,0.56778,0.59362,0.99654,0.99664,0.998,0.99809,0.99932,0.99928,0.99353,0.99663,0.99485,0.99515,0.51324,0.52884,0.51559,0.52898,0.51466,0.53443,0.52788,0.52925,0.5429,0.53432,0.99518,0.99547,0.98478,0.98666,0.98555,0.98759,0.98569,0.99173,0.99343,0.99434,0.51535,0.52786,0.51408,0.54279,0.51727,0.51281,0.53188,0.53472,0.53706,0.53583,0.9944,0.9941,0.98783,0.98746,0.99297,0.99002,0.99413,0.99336,0.99415,0.99267,0.50152,0.50768,0.52616,0.51013,0.51547,0.52942,0.54157,0.52937,0.5352,0.54522,0.51413,0.51221,0.51114,0.52995,0.53248,0.51933,0.52742,0.52849,0.53613,0.53608,0.50625,0.50265,0.50868,0.51644,0.55651,0.54134,0.54487,0.53083,0.5326,0.54152,0.5114,0.50947,0.50828,0.55417,0.55527,0.51417,0.51721,0.52893,0.53182,0.4829
10,0.985,0.98756,0.99085,0.98709,0.9902,0.99789,0.99808,0.99793,0.99821,0.99997,1.0,0.99858,0.99903,0.99675,0.99681,0.9882,0.98738,0.99413,0.99352,0.98815,0.98564,0.99013,0.98993,0.98862,0.9883,0.98584,0.98687,0.99406,0.99347,0.98644,0.98474,0.99012,0.99042,0.99064,0.99112,0.98937,0.99021,0.99324,0.99331,0.98865,0.98818,0.99134,0.99117,0.99096,0.99231,0.98658,0.98644,0.99367,0.99345,0.98913,0.98922,0.99224,0.99098,0.98989,0.99081,0.98601,0.98601,0.99368,0.9927,0.98851,0.98909,0.99133,0.98655,0.99228,0.98616,0.98669,0.986,0.99375,0.99343,0.99045,0.9867,0.99002,0.99016,0.98992,0.98945,0.98925,0.9892,0.99511,0.99433,0.98815,0.98408,0.98965,0.98888,0.994,0.9742,0.9903,0.99021,0.99512,0.9937,0.98814,0.98893,0.98958,0.99175,0.99102,0.99317,0.98506,0.98775,0.98987,0.98795,0.98894,0.98951,0.97177,0.98695,0.98526,0.92036,0.95692,0.9176,0.94308,0.95276,0.93692,0.96121,0.54126,0.54029,0.5527,0.52096,0.977,0.97121,0.95604,0.95212,0.53707,0.54631,0.85407,0.89697,0.49493,0.49434,0.9884,0.99505,0.98898,0.99204,0.99061,0.96965,0.99087,0.51178,0.95461,0.95319,0.96629,0.57358,0.56364,0.56731,0.59263,0.99648,0.99658,0.99792,0.99801,0.99932,0.99933,0.99375,0.99672,0.99514,0.99544,0.51291,0.52856,0.5154,0.52819,0.51414,0.53385,0.52738,0.52864,0.54261,0.53382,0.99549,0.99577,0.985,0.98682,0.98585,0.9878,0.98604,0.99194,0.99381,0.99469,0.51496,0.52735,0.51337,0.54222,0.51679,0.51252,0.53144,0.53434,0.53659,0.5354,0.99474,0.99444,0.98803,0.98768,0.99319,0.99036,0.99444,0.99362,0.9945,0.99305,0.50126,0.50736,0.52558,0.50992,0.51495,0.52905,0.54101,0.52921,0.53497,0.54463,0.51375,0.51177,0.51081,0.5293,0.53202,0.51874,0.52689,0.52808,0.53568,0.53565,0.50579,0.5023,0.50822,0.51615,0.55595,0.54081,0.54414,0.53068,0.53237,0.54092,0.51084,0.50937,0.50774,0.55353,0.55486,0.51356,0.51707,0.52846,0.53129,0.48246
11,0.98539,0.98777,0.99188,0.98814,0.99121,0.99609,0.99629,0.99603,0.99641,0.99849,0.99858,1.0,0.9998,0.99667,0.99656,0.98835,0.98764,0.99392,0.99349,0.98994,0.98722,0.99061,0.98972,0.98869,0.98899,0.98638,0.98716,0.99384,0.99342,0.98795,0.98672,0.991,0.99033,0.99124,0.99097,0.98942,0.99032,0.99311,0.99309,0.99024,0.98961,0.99129,0.99193,0.99079,0.99337,0.98689,0.98677,0.99361,0.99334,0.99048,0.99049,0.99276,0.99082,0.98989,0.99127,0.98653,0.98649,0.99338,0.99272,0.98974,0.99034,0.99065,0.98716,0.99153,0.98591,0.98705,0.98645,0.99383,0.9936,0.99177,0.98851,0.99086,0.9901,0.99074,0.98952,0.99027,0.98985,0.99452,0.99407,0.99003,0.98624,0.99096,0.98965,0.99304,0.97391,0.99061,0.99032,0.99404,0.9929,0.98942,0.99027,0.98966,0.99257,0.99172,0.99265,0.98604,0.9886,0.9896,0.98796,0.98789,0.98851,0.97262,0.98704,0.98534,0.9226,0.95971,0.91908,0.94604,0.95261,0.93839,0.96227,0.53811,0.5372,0.54948,0.51851,0.97862,0.97253,0.95618,0.95227,0.53402,0.54311,0.85686,0.89964,0.4923,0.49179,0.98867,0.99504,0.99093,0.99164,0.9914,0.97224,0.98824,0.50898,0.958,0.95297,0.96582,0.56986,0.55969,0.56337,0.58858,0.99449,0.99468,0.99653,0.99638,0.99707,0.99712,0.99428,0.99658,0.99682,0.99701,0.50962,0.52531,0.51223,0.52504,0.511,0.53006,0.52384,0.52521,0.53872,0.53133,0.99463,0.9949,0.98425,0.98571,0.98496,0.98652,0.98504,0.99014,0.99369,0.99436,0.51175,0.52398,0.51008,0.53853,0.51369,0.509,0.52905,0.53073,0.53293,0.53299,0.99436,0.99421,0.98696,0.98668,0.99136,0.98889,0.99289,0.9918,0.99448,0.9935,0.49878,0.50441,0.5224,0.50682,0.51137,0.52559,0.53699,0.52698,0.53143,0.54098,0.51041,0.50848,0.50751,0.52596,0.52851,0.51542,0.52349,0.52478,0.53299,0.53308,0.50382,0.5002,0.50514,0.51252,0.5523,0.53721,0.54052,0.52736,0.52888,0.53744,0.50786,0.50638,0.50462,0.54974,0.55101,0.51049,0.51391,0.52504,0.52897,0.48083
12,0.98647,0.98872,0.99264,0.98905,0.99203,0.99608,0.99634,0.99608,0.99649,0.99893,0.99903,0.9998,1.0,0.99692,0.99663,0.98904,0.98841,0.99484,0.99438,0.9904,0.98807,0.99127,0.99075,0.98981,0.98977,0.98726,0.98803,0.99477,0.99436,0.98864,0.98744,0.99163,0.9913,0.99191,0.99193,0.9903,0.99119,0.99412,0.99414,0.99082,0.99024,0.99223,0.99249,0.99177,0.99368,0.98777,0.98762,0.99452,0.99432,0.99107,0.99119,0.9932,0.99179,0.99087,0.99194,0.98734,0.98736,0.99436,0.99366,0.99051,0.99102,0.99171,0.98811,0.99254,0.98698,0.98783,0.98726,0.99465,0.99445,0.99227,0.98913,0.99159,0.99111,0.99135,0.99052,0.99082,0.99046,0.99557,0.99506,0.99057,0.9871,0.99135,0.99011,0.99377,0.97534,0.99148,0.9913,0.99525,0.99417,0.99029,0.991,0.99085,0.99321,0.99222,0.99363,0.98697,0.98912,0.99106,0.98957,0.98944,0.99002,0.97481,0.98862,0.98703,0.92588,0.9612,0.92195,0.94808,0.95464,0.94142,0.96472,0.5371,0.53623,0.54851,0.51771,0.97954,0.97319,0.95847,0.9544,0.53309,0.54213,0.8607,0.90314,0.49165,0.49114,0.98929,0.99572,0.99133,0.99251,0.99199,0.97318,0.98898,0.50807,0.95928,0.95492,0.96742,0.56778,0.55787,0.56135,0.58696,0.99438,0.99456,0.99635,0.99629,0.99768,0.9978,0.99512,0.99701,0.99747,0.99766,0.50859,0.52415,0.51182,0.52403,0.51034,0.52904,0.52302,0.52441,0.53761,0.5299,0.99562,0.99585,0.98521,0.98658,0.98614,0.98757,0.98622,0.99133,0.99466,0.99539,0.51105,0.52295,0.50946,0.53722,0.5126,0.5083,0.52758,0.52989,0.53196,0.53127,0.99517,0.99499,0.98798,0.98778,0.99256,0.99011,0.99424,0.99307,0.99533,0.99429,0.4978,0.50361,0.52145,0.50595,0.51049,0.52468,0.53603,0.52538,0.53039,0.53981,0.50989,0.50752,0.5066,0.52466,0.52728,0.51459,0.52254,0.52381,0.53166,0.53151,0.50254,0.49875,0.50433,0.51172,0.55023,0.53573,0.53946,0.52622,0.52784,0.53629,0.50736,0.50562,0.504,0.5483,0.54954,0.50962,0.51321,0.52401,0.52727,0.47976
13,0.98538,0.98837,0.99016,0.99041,0.9894,0.99681,0.99691,0.99712,0.99729,0.99668,0.99675,0.99667,0.99692,1.0,0.9998,0.98618,0.98552,0.99208,0.99152,0.9876,0.98522,0.98824,0.98763,0.98684,0.98673,0.98445,0.98521,0.99192,0.99149,0.98575,0.98465,0.98912,0.98826,0.9892,0.98894,0.98842,0.98946,0.99147,0.99178,0.98805,0.98752,0.98937,0.99026,0.98905,0.99354,0.98499,0.9848,0.9916,0.99155,0.98803,0.98818,0.99015,0.98882,0.9878,0.98889,0.98442,0.98456,0.99165,0.99086,0.98767,0.98807,0.98906,0.98479,0.98979,0.98395,0.98488,0.98434,0.99163,0.99153,0.98941,0.98635,0.98888,0.9881,0.98848,0.98747,0.99146,0.99036,0.99356,0.99263,0.98839,0.98508,0.99088,0.98952,0.99116,0.97367,0.99097,0.99081,0.99314,0.99207,0.98753,0.98818,0.98814,0.99314,0.9906,0.99088,0.9899,0.99131,0.98924,0.98779,0.98781,0.98837,0.97463,0.98763,0.98573,0.92612,0.96288,0.923,0.94866,0.95481,0.94186,0.96407,0.53667,0.53592,0.54784,0.51745,0.97945,0.97423,0.95956,0.95509,0.53265,0.54168,0.86135,0.90302,0.49202,0.49184,0.98661,0.99292,0.9887,0.98962,0.98956,0.97514,0.98729,0.50817,0.96122,0.95582,0.96802,0.56632,0.55639,0.56021,0.58723,0.996,0.99628,0.99371,0.99373,0.99611,0.99627,0.99789,0.99976,0.99455,0.99471,0.50785,0.52309,0.51081,0.52291,0.50941,0.52865,0.52253,0.5237,0.53682,0.53006,0.99347,0.9935,0.98454,0.9861,0.98509,0.98657,0.98517,0.99012,0.99137,0.99235,0.51029,0.52187,0.50858,0.53623,0.51205,0.50772,0.52736,0.52925,0.53172,0.53162,0.99221,0.99199,0.98697,0.98677,0.99112,0.98876,0.99188,0.99162,0.99197,0.99089,0.49747,0.50286,0.52032,0.5052,0.51007,0.52404,0.53536,0.52531,0.52974,0.53899,0.50894,0.50688,0.50598,0.52404,0.52646,0.5141,0.52207,0.52317,0.53166,0.5315,0.50288,0.49937,0.50379,0.51111,0.55138,0.53482,0.53867,0.5254,0.52725,0.53542,0.50665,0.50469,0.50367,0.54749,0.54874,0.50924,0.51266,0.52398,0.52748,0.48081
14,0.98337,0.9866,0.98846,0.98846,0.98761,0.99769,0.99772,0.99793,0.99803,0.99677,0.99681,0.99656,0.99663,0.9998,1.0,0.98496,0.98415,0.9908,0.99023,0.98589,0.98309,0.98691,0.98616,0.98513,0.98512,0.98281,0.98368,0.99065,0.99013,0.98395,0.9825,0.98765,0.98682,0.9878,0.98753,0.98688,0.98792,0.99002,0.9903,0.98627,0.98574,0.98794,0.98889,0.98766,0.99242,0.98346,0.98327,0.99031,0.99017,0.98639,0.98642,0.98915,0.98744,0.98634,0.98761,0.9829,0.98297,0.99034,0.98941,0.98584,0.98634,0.98774,0.98308,0.98858,0.98226,0.98346,0.9828,0.99038,0.99019,0.98788,0.98441,0.98732,0.9866,0.98709,0.98596,0.98999,0.98883,0.99229,0.99128,0.98653,0.98265,0.98946,0.98811,0.99028,0.97129,0.98934,0.98914,0.99189,0.99056,0.98554,0.98634,0.98635,0.99175,0.98928,0.98963,0.98811,0.99005,0.98718,0.98542,0.9859,0.98648,0.97102,0.9852,0.98315,0.92035,0.95911,0.91799,0.94402,0.95175,0.93699,0.95999,0.53955,0.53858,0.55077,0.51983,0.97696,0.97238,0.95587,0.95181,0.5352,0.54462,0.85464,0.8968,0.49383,0.49368,0.98544,0.99188,0.98702,0.98844,0.98816,0.97252,0.98751,0.5104,0.95759,0.95272,0.96561,0.57081,0.56081,0.56453,0.59219,0.99718,0.99742,0.99484,0.99484,0.99633,0.99635,0.9966,0.99935,0.99307,0.99329,0.51019,0.52579,0.51337,0.52534,0.51163,0.53147,0.52496,0.52666,0.54,0.53279,0.99258,0.99266,0.98402,0.98583,0.98429,0.98612,0.9844,0.98962,0.99019,0.99124,0.51256,0.52456,0.51099,0.53926,0.51412,0.50981,0.53053,0.53201,0.53453,0.53467,0.99132,0.99104,0.98649,0.98615,0.99059,0.98806,0.9909,0.99095,0.9909,0.98963,0.49961,0.50509,0.52289,0.50732,0.51244,0.52682,0.53872,0.52825,0.53255,0.54235,0.51109,0.50925,0.50848,0.52668,0.52933,0.5165,0.52454,0.526,0.53472,0.53468,0.50523,0.50167,0.50594,0.51338,0.55602,0.53804,0.54194,0.52834,0.5301,0.53851,0.50859,0.50697,0.50579,0.55074,0.552,0.51154,0.51486,0.52641,0.53049,0.48247
15,0.99825,0.99812,0.99639,0.99353,0.99673,0.98172,0.98202,0.98244,0.98305,0.9879,0.9882,0.98835,0.98904,0.98618,0.98496,1.0,0.99993,0.99665,0.99684,0.99656,0.99582,0.99876,0.99865,0.99792,0.99857,0.99963,0.99974,0.99657,0.99684,0.99503,0.99536,0.99799,0.99846,0.99829,0.9983,0.99915,0.99854,0.9967,0.99654,0.9961,0.99647,0.99787,0.99759,0.9973,0.99506,0.99975,0.99976,0.99666,0.99684,0.99674,0.99666,0.99828,0.99829,0.99812,0.99872,0.99955,0.99965,0.99661,0.99744,0.99679,0.99698,0.99832,0.99859,0.99806,0.99526,0.99985,0.99965,0.99685,0.99681,0.99673,0.99585,0.99794,0.99807,0.99835,0.99801,0.99541,0.99716,0.99545,0.99612,0.99561,0.99376,0.99627,0.9941,0.99594,0.98187,0.99711,0.99716,0.99469,0.99527,0.99595,0.99637,0.997,0.995,0.99675,0.99735,0.98967,0.99233,0.99378,0.99289,0.9946,0.99501,0.98235,0.99233,0.99194,0.94133,0.97522,0.92817,0.96475,0.95515,0.94841,0.97262,0.52528,0.52456,0.5359,0.50718,0.98915,0.98027,0.96035,0.95548,0.52153,0.52961,0.87768,0.91934,0.48213,0.4813,0.99989,0.99655,0.99622,0.99824,0.99824,0.98065,0.97941,0.49813,0.9704,0.9542,0.96302,0.55513,0.54703,0.5503,0.56701,0.97986,0.98013,0.98108,0.98118,0.98635,0.98716,0.98802,0.9871,0.99117,0.99128,0.50099,0.51656,0.50136,0.5162,0.50175,0.51682,0.51181,0.51281,0.52616,0.51968,0.99363,0.99373,0.97848,0.97865,0.98043,0.98066,0.98055,0.98414,0.99374,0.99305,0.50129,0.51499,0.50143,0.52747,0.50335,0.50047,0.51801,0.51726,0.51953,0.52125,0.99516,0.9957,0.98056,0.98086,0.98535,0.98394,0.99016,0.98659,0.99479,0.99539,0.48896,0.49724,0.51364,0.49864,0.50262,0.51327,0.52219,0.51617,0.51807,0.52831,0.50007,0.50015,0.49935,0.51615,0.51848,0.50513,0.51164,0.51264,0.52122,0.52141,0.49504,0.4916,0.49684,0.50347,0.53304,0.52557,0.52723,0.51436,0.51596,0.52464,0.49815,0.49613,0.4953,0.5353,0.53666,0.50086,0.50301,0.51228,0.51761,0.47297
16,0.99852,0.99819,0.99645,0.99369,0.99685,0.98051,0.98084,0.98129,0.98194,0.98705,0.98738,0.98764,0.98841,0.98552,0.98415,0.99993,1.0,0.99653,0.99677,0.99664,0.99617,0.99864,0.99876,0.99817,0.99861,0.99981,0.99986,0.99648,0.99678,0.99527,0.99571,0.99789,0.99853,0.99816,0.99834,0.99915,0.99851,0.99668,0.99652,0.99622,0.9966,0.99793,0.99742,0.99737,0.99469,0.99991,0.99988,0.99658,0.9968,0.99682,0.99677,0.99796,0.99833,0.99824,0.99859,0.99969,0.99984,0.99654,0.9974,0.99697,0.99709,0.99834,0.99881,0.99801,0.99543,0.99992,0.99978,0.99674,0.99672,0.9967,0.99607,0.9979,0.99819,0.99825,0.99815,0.9953,0.99704,0.99531,0.99601,0.99573,0.99418,0.99607,0.99389,0.99567,0.98245,0.99706,0.99716,0.99462,0.99532,0.9962,0.99653,0.99725,0.99483,0.99653,0.9973,0.98988,0.99223,0.99407,0.99332,0.99488,0.99526,0.9835,0.99274,0.99247,0.94384,0.97651,0.93028,0.96653,0.95609,0.95066,0.97414,0.524,0.52331,0.53446,0.50596,0.98962,0.98037,0.96164,0.95652,0.52026,0.52824,0.88112,0.92235,0.48117,0.48033,0.99976,0.99626,0.99628,0.99817,0.99808,0.9814,0.97889,0.49698,0.97174,0.95499,0.96346,0.55322,0.54529,0.54857,0.56499,0.9786,0.97888,0.97981,0.97993,0.98553,0.98643,0.98791,0.98655,0.99113,0.99122,0.50029,0.51546,0.50043,0.51507,0.50118,0.51599,0.51068,0.51157,0.5247,0.51821,0.9934,0.99347,0.97838,0.97838,0.9805,0.9805,0.98061,0.98393,0.9937,0.99297,0.50035,0.51391,0.50022,0.5261,0.50166,0.49957,0.51669,0.5163,0.51826,0.5198,0.99494,0.99548,0.98041,0.98079,0.98513,0.98389,0.99011,0.98641,0.99468,0.99534,0.48799,0.49609,0.51247,0.49772,0.50157,0.51202,0.52075,0.5149,0.5168,0.52694,0.49918,0.49906,0.49833,0.51501,0.5174,0.50377,0.51044,0.51164,0.51987,0.52003,0.49407,0.49062,0.49583,0.50239,0.53122,0.52434,0.52581,0.51335,0.51473,0.52331,0.49748,0.49497,0.49432,0.53373,0.53507,0.49983,0.50195,0.51129,0.51634,0.47191
17,0.99596,0.99683,0.99901,0.99593,0.99886,0.98789,0.98823,0.9885,0.98912,0.99381,0.99413,0.99392,0.99484,0.99208,0.9908,0.99665,0.99653,1.0,0.99993,0.99776,0.99706,0.99827,0.99868,0.99847,0.99762,0.99611,0.99643,0.99997,0.99995,0.99663,0.99642,0.99843,0.99888,0.9986,0.99913,0.99808,0.99859,0.99992,0.99988,0.99804,0.99798,0.99927,0.99852,0.99912,0.99742,0.99636,0.99631,0.99983,0.99994,0.99832,0.99844,0.99866,0.99907,0.99875,0.9987,0.99586,0.9961,0.9999,0.99982,0.99833,0.99847,0.99898,0.99715,0.99919,0.99499,0.99627,0.99614,0.99993,0.99991,0.99867,0.99728,0.99863,0.99893,0.99836,0.99865,0.99682,0.99698,0.9997,0.99991,0.99758,0.99577,0.99714,0.9956,0.99846,0.98433,0.99819,0.99831,0.99935,0.99949,0.99812,0.99835,0.99893,0.99793,0.99791,0.99957,0.99288,0.99427,0.9981,0.99719,0.99755,0.99797,0.9867,0.99611,0.99556,0.94536,0.97526,0.93494,0.96495,0.96164,0.9554,0.97753,0.52748,0.52702,0.53827,0.50933,0.98935,0.98071,0.96677,0.96197,0.52403,0.5321,0.88287,0.92382,0.4842,0.48339,0.99653,0.99978,0.99792,0.99917,0.99847,0.98273,0.98596,0.50043,0.97188,0.96013,0.96916,0.55614,0.54781,0.55117,0.57018,0.98587,0.98611,0.98719,0.98734,0.99255,0.99334,0.99407,0.99309,0.99686,0.99696,0.50212,0.51727,0.50377,0.51697,0.5033,0.51891,0.51441,0.51548,0.52806,0.52069,0.99843,0.99851,0.98397,0.98421,0.98624,0.98636,0.98641,0.99031,0.99864,0.99843,0.50381,0.51581,0.50268,0.52848,0.50497,0.5018,0.51894,0.52016,0.52235,0.52234,0.99904,0.99923,0.9864,0.98674,0.9916,0.99019,0.99619,0.99286,0.99919,0.9992,0.49136,0.49782,0.51436,0.49999,0.50388,0.51595,0.52487,0.51712,0.52082,0.53013,0.50226,0.50127,0.50055,0.51713,0.51962,0.50714,0.51401,0.51496,0.52243,0.52249,0.49579,0.49264,0.49842,0.5051,0.53548,0.52695,0.52952,0.51733,0.51873,0.52664,0.50063,0.49855,0.49718,0.53752,0.53906,0.50299,0.50572,0.51496,0.51863,0.47341
18,0.99613,0.99684,0.9991,0.99585,0.99896,0.9872,0.98754,0.98785,0.98849,0.99317,0.99352,0.99349,0.99438,0.99152,0.99023,0.99684,0.99677,0.99993,1.0,0.99801,0.99737,0.99841,0.99885,0.99873,0.99775,0.99633,0.99657,0.99994,0.99993,0.99715,0.99677,0.99852,0.99903,0.99869,0.99926,0.99813,0.99859,0.99991,0.99984,0.99825,0.99823,0.99943,0.99851,0.99936,0.99722,0.9966,0.99654,0.99989,0.99991,0.99855,0.99858,0.99873,0.99922,0.99899,0.99884,0.99605,0.99633,0.99989,0.9998,0.99855,0.99867,0.99907,0.99746,0.99925,0.99492,0.99654,0.99643,0.99995,0.99993,0.99885,0.99758,0.99873,0.99912,0.99854,0.99891,0.99678,0.99688,0.99954,0.99978,0.99775,0.99598,0.99713,0.99542,0.99836,0.98429,0.9981,0.99825,0.99914,0.99935,0.99832,0.99851,0.9991,0.99782,0.99785,0.99958,0.99288,0.99428,0.99813,0.99715,0.99755,0.99794,0.98694,0.99604,0.99557,0.94612,0.9759,0.93525,0.9657,0.96147,0.95588,0.97788,0.52712,0.52672,0.53785,0.50913,0.98966,0.9809,0.96667,0.96183,0.52361,0.5317,0.88395,0.9248,0.48352,0.48282,0.99669,0.99967,0.99808,0.99931,0.99854,0.98311,0.98548,0.49989,0.97248,0.95952,0.96848,0.55586,0.54763,0.55115,0.56925,0.98522,0.98544,0.98656,0.98669,0.99189,0.9927,0.99367,0.99258,0.99657,0.99666,0.50197,0.51691,0.50295,0.51656,0.50333,0.51887,0.51389,0.51502,0.52734,0.52042,0.9983,0.99836,0.98364,0.98379,0.98602,0.986,0.98625,0.98989,0.99863,0.99831,0.50334,0.51542,0.50211,0.52812,0.5046,0.50133,0.51868,0.51969,0.5218,0.52178,0.99904,0.99923,0.98603,0.98638,0.99118,0.98996,0.99592,0.99253,0.99917,0.99927,0.49094,0.49764,0.51421,0.49951,0.50367,0.51527,0.52398,0.51691,0.52023,0.52962,0.50234,0.50108,0.50006,0.51658,0.51926,0.50657,0.51368,0.51441,0.52215,0.52203,0.49558,0.49228,0.49807,0.5046,0.53475,0.52665,0.52895,0.5167,0.5183,0.5261,0.49994,0.49793,0.49683,0.53702,0.5386,0.50262,0.50523,0.51437,0.51824,0.47254
