,Elo_0,Elo_1,Elo_2,Elo_3,Elo_4,default_af_0,default_af_1,default_af_2,default_af_3,default_af_4,default_af_5,default_af_6,default_af_7,default_af_8,default_af_9,default_comp_0,default_comp_1,default_comp_2,default_comp_3,default_comp_4,default_comp_5,default_comp_6,default_comp_7,default_comp_8,default_comp_9,default_mul_newest_0,default_mul_newest_1,default_mul_newest_2,default_mul_newest_3,default_mul_newest_4,default_mul_newest_5,default_mul_newest_6,default_multimer_0,default_multimer_1,default_multimer_2,default_multimer_3,default_multimer_4,default_multimer_5,default_multimer_6,default_multimer_7,default_multimer_8,default_multimer_9,default_pdb70_0,default_pdb70_1,default_pdb70_2,default_pdb70_3,default_pdb70_4,default_pdb70_5,default_pdb70_6,default_pdb70_7,default_pdb70_8,default_pdb70_9,default_pdb_0,default_pdb_1,default_pdb_2,default_pdb_3,default_pdb_4,default_pdb_5,default_pdb_6,default_pdb_7,default_pdb_8,default_pdb_9,default_struct_0,default_struct_1,default_struct_2,default_struct_3,default_struct_4,default_struct_5,default_struct_6,default_struct_7,default_struct_8,default_struct_9,default_uniref30_22_0,default_uniref30_22_1,default_uniref30_22_10,default_uniref30_22_11,default_uniref30_22_12,default_uniref30_22_13,default_uniref30_22_14,default_uniref30_22_15,default_uniref30_22_16,default_uniref30_22_17,default_uniref30_22_18,default_uniref30_22_19,default_uniref30_22_2,default_uniref30_22_20,default_uniref30_22_21,default_uniref30_22_22,default_uniref30_22_23,default_uniref30_22_24,default_uniref30_22_3,default_uniref30_22_4,default_uniref30_22_5,default_uniref30_22_6,default_uniref30_22_7,default_uniref30_22_8,default_uniref30_22_9
0,1.0,0.9958,0.99625,0.99554,0.99813,0.9206,0.91082,0.94319,0.93783,0.93857,0.93465,0.96284,0.93447,0.94379,0.50772,0.99136,0.99144,0.97586,0.98402,0.97957,0.96691,0.97817,0.98864,0.98888,0.98903,0.996,0.99964,0.9961,0.98647,0.99019,0.98364,0.95439,0.99979,0.98506,0.98622,0.9759,0.97489,0.99411,0.98289,0.9818,0.97261,0.94638,0.98316,0.98323,0.99382,0.99448,0.98305,0.98336,0.9904,0.98939,0.98925,0.98987,0.99149,0.99181,0.98486,0.98587,0.97536,0.95933,0.98813,0.98792,0.98784,0.987,0.98551,0.98663,0.97413,0.99418,0.97373,0.98372,0.98597,0.98341,0.92253,0.9143,0.99965,0.98905,0.97504,0.97485,0.97551,0.97739,0.9893,0.98723,0.9865,0.98429,0.98421,0.98187,0.98537,0.97996,0.97433,0.96827,0.96207,0.95774,0.99965,0.98592,0.98521,0.99933,0.99887,0.98691,0.9749
1,0.9958,1.0,0.99967,0.99978,0.99581,0.93044,0.9206,0.95229,0.94722,0.94743,0.94331,0.97045,0.94377,0.95302,0.51101,0.99721,0.99721,0.98269,0.99126,0.98676,0.97539,0.98344,0.99517,0.99539,0.99169,0.99894,0.99619,0.99948,0.98631,0.99603,0.98598,0.95053,0.996,0.99197,0.99239,0.98384,0.98286,0.9927,0.99043,0.98946,0.96821,0.94325,0.98891,0.98824,0.99841,0.99874,0.98984,0.99015,0.99659,0.99585,0.99151,0.98456,0.99723,0.99751,0.99158,0.99255,0.98337,0.96215,0.99464,0.99459,0.99,0.98885,0.99216,0.99276,0.98204,0.99856,0.98176,0.99024,0.9931,0.99088,0.92377,0.91528,0.99524,0.98891,0.98284,0.98276,0.98331,0.97927,0.99526,0.99415,0.99348,0.99154,0.9916,0.98962,0.99212,0.97523,0.97689,0.96427,0.95826,0.95408,0.99582,0.99269,0.99212,0.99601,0.99603,0.99368,0.98262
2,0.99625,0.99967,1.0,0.99946,0.99553,0.92888,0.91913,0.95083,0.94562,0.94675,0.94293,0.97005,0.94242,0.95173,0.51206,0.99555,0.99562,0.98049,0.98912,0.98395,0.9729,0.98202,0.99327,0.99356,0.99254,0.99922,0.99616,0.99978,0.98549,0.99546,0.98768,0.95275,0.9962,0.98982,0.99032,0.98147,0.98071,0.99228,0.98869,0.98763,0.97039,0.94518,0.98646,0.98578,0.99733,0.99784,0.98733,0.9877,0.99508,0.99427,0.99264,0.98621,0.99562,0.99596,0.98931,0.99041,0.98058,0.95969,0.99284,0.99274,0.9911,0.99006,0.99005,0.99075,0.97987,0.9987,0.97958,0.9899,0.9914,0.98914,0.9259,0.91791,0.99558,0.98693,0.98041,0.98061,0.98101,0.97721,0.99456,0.99247,0.99183,0.98975,0.98988,0.98767,0.99002,0.9773,0.97863,0.96626,0.96028,0.9561,0.99617,0.9907,0.99002,0.99627,0.99582,0.99185,0.98038
3,0.99554,0.99978,0.99946,1.0,0.99636,0.93484,0.92525,0.95626,0.95114,0.95141,0.94778,0.97384,0.94781,0.95634,0.51347,0.99641,0.99636,0.9816,0.99042,0.98663,0.97735,0.98221,0.99523,0.99545,0.9923,0.99852,0.99612,0.99919,0.98829,0.9972,0.98746,0.95394,0.99578,0.99111,0.9917,0.98501,0.98419,0.99383,0.99166,0.99079,0.97102,0.94694,0.98802,0.98745,0.9975,0.99792,0.98879,0.98911,0.99678,0.99619,0.99223,0.98547,0.99639,0.9967,0.9905,0.99157,0.98414,0.96397,0.99496,0.99488,0.99051,0.98944,0.99127,0.99199,0.98352,0.99921,0.98333,0.99212,0.99397,0.99203,0.9238,0.91888,0.99493,0.98807,0.98401,0.98415,0.98456,0.98065,0.99649,0.99487,0.99417,0.9926,0.99268,0.99082,0.99122,0.97725,0.97911,0.96705,0.96134,0.95745,0.99596,0.99191,0.99123,0.99623,0.99634,0.99298,0.98394
4,0.99813,0.99581,0.99553,0.99636,1.0,0.93612,0.92657,0.95665,0.95159,0.9519,0.94831,0.97296,0.9481,0.95656,0.51327,0.99268,0.99255,0.97908,0.98731,0.98566,0.97792,0.97874,0.99232,0.9925,0.98904,0.99411,0.99892,0.99508,0.99332,0.99444,0.98469,0.95901,0.99858,0.98799,0.98925,0.98465,0.98385,0.99814,0.98974,0.98904,0.97496,0.95211,0.98647,0.98681,0.99332,0.99372,0.98604,0.9863,0.994,0.99349,0.98913,0.98874,0.99262,0.99285,0.98753,0.98839,0.98377,0.97001,0.99207,0.99208,0.98728,0.98611,0.98822,0.98931,0.98345,0.99588,0.9832,0.99016,0.99174,0.99016,0.92159,0.91791,0.99745,0.99168,0.9839,0.98389,0.98431,0.98655,0.99388,0.99244,0.99203,0.99081,0.99062,0.98908,0.98809,0.98106,0.97717,0.97136,0.96629,0.96248,0.99886,0.9888,0.98803,0.99917,0.99943,0.9897,0.98387
5,0.9206,0.93044,0.92888,0.93484,0.93612,1.0,0.99843,0.99469,0.9954,0.99451,0.99488,0.98484,0.99474,0.98983,0.53243,0.9319,0.93087,0.92484,0.9323,0.94509,0.97043,0.9121,0.94546,0.94543,0.93829,0.92445,0.92562,0.9278,0.96099,0.95238,0.94499,0.95012,0.9239,0.9311,0.9333,0.96054,0.96127,0.94742,0.96308,0.96468,0.94372,0.95394,0.93273,0.93335,0.9253,0.92562,0.92732,0.92737,0.94587,0.94854,0.93835,0.93095,0.93108,0.93154,0.92826,0.93047,0.95773,0.95737,0.94857,0.94889,0.93701,0.93541,0.92999,0.93133,0.96364,0.94088,0.96486,0.96348,0.95794,0.96239,0.86267,0.91712,0.91889,0.92633,0.95984,0.96217,0.9611,0.95867,0.95397,0.9548,0.95683,0.96077,0.96085,0.96385,0.93015,0.94043,0.95145,0.94745,0.95114,0.95236,0.9262,0.93261,0.93085,0.9286,0.93171,0.93359,0.9607
6,0.91082,0.9206,0.91913,0.92525,0.92658,0.99843,1.0,0.9918,0.99337,0.99256,0.99354,0.97927,0.99384,0.9857,0.53292,0.9217,0.92052,0.91381,0.9213,0.93435,0.96194,0.89919,0.93647,0.93644,0.93086,0.9151,0.916,0.91824,0.95305,0.94353,0.93858,0.94774,0.91428,0.91976,0.92212,0.95117,0.95176,0.93835,0.95523,0.9569,0.93901,0.95243,0.92168,0.92229,0.91506,0.91553,0.91576,0.91579,0.93658,0.93946,0.93088,0.92383,0.92082,0.9214,0.91707,0.9192,0.94794,0.95126,0.94,0.94024,0.92973,0.92836,0.9186,0.92005,0.95443,0.93178,0.95578,0.9556,0.94958,0.95474,0.8514,0.91513,0.90931,0.91493,0.95022,0.95278,0.95169,0.94933,0.94509,0.94609,0.94835,0.95249,0.95272,0.95594,0.91877,0.93493,0.94642,0.94337,0.94799,0.94969,0.9167,0.92143,0.91951,0.91906,0.92216,0.92255,0.95117
7,0.94319,0.95229,0.95083,0.95626,0.95665,0.99469,0.9918,1.0,0.99965,0.99599,0.99572,0.99272,0.99613,0.99268,0.52922,0.95287,0.95193,0.94166,0.95023,0.96045,0.97976,0.93109,0.96537,0.96508,0.9589,0.94791,0.94766,0.95026,0.97569,0.97034,0.9639,0.96371,0.94618,0.94922,0.95115,0.97317,0.97342,0.96514,0.97887,0.97995,0.96011,0.96573,0.9498,0.95013,0.94756,0.94801,0.94573,0.94575,0.965,0.96725,0.95878,0.95099,0.9521,0.95263,0.94728,0.94946,0.97075,0.96854,0.96791,0.96809,0.95785,0.95641,0.9483,0.94958,0.97545,0.96123,0.97665,0.97835,0.97495,0.97859,0.88362,0.92963,0.94199,0.94446,0.97234,0.97425,0.97361,0.9708,0.97134,0.97213,0.97388,0.97678,0.97705,0.97933,0.94844,0.95844,0.96843,0.96333,0.96549,0.96593,0.94812,0.95065,0.94904,0.9501,0.95288,0.95188,0.97296
8,0.93783,0.94722,0.94562,0.95114,0.95159,0.9954,0.99337,0.99965,1.0,0.9958,0.99567,0.9886,0.99555,0.98949,0.53109,0.948,0.94698,0.93562,0.94589,0.95611,0.97699,0.92655,0.96052,0.96047,0.95413,0.94255,0.94253,0.94508,0.97218,0.96605,0.9602,0.96215,0.94097,0.94425,0.9462,0.96976,0.96983,0.96075,0.9751,0.97623,0.95744,0.96485,0.9451,0.94542,0.94243,0.94293,0.9406,0.94053,0.9602,0.96295,0.95388,0.94646,0.94716,0.94779,0.94204,0.94464,0.967,0.96592,0.96347,0.96363,0.95285,0.95148,0.94307,0.94458,0.97198,0.95645,0.97299,0.97461,0.97068,0.97458,0.87871,0.92934,0.93675,0.93925,0.96858,0.97071,0.96984,0.96727,0.96701,0.96798,0.96972,0.97279,0.97316,0.97556,0.94352,0.9541,0.96427,0.96105,0.96357,0.96429,0.94299,0.94552,0.94415,0.94501,0.94788,0.94677,0.96926
9,0.93857,0.94742,0.94675,0.95141,0.9519,0.99451,0.99256,0.99599,0.9958,1.0,0.99984,0.99275,0.99802,0.99176,0.53507,0.94591,0.94505,0.93524,0.94405,0.95453,0.97669,0.92584,0.95714,0.95729,0.95437,0.9423,0.94254,0.94572,0.97241,0.96621,0.96171,0.96222,0.94139,0.94391,0.9461,0.96941,0.97001,0.96148,0.97235,0.97349,0.9589,0.96419,0.94463,0.94486,0.94091,0.94145,0.93935,0.93973,0.95853,0.9607,0.95487,0.94825,0.94541,0.94577,0.9407,0.94291,0.9653,0.96453,0.95996,0.96017,0.95369,0.95219,0.94261,0.94402,0.97195,0.95694,0.9733,0.97604,0.96833,0.97215,0.88237,0.93224,0.9368,0.93924,0.96824,0.97086,0.96983,0.96743,0.96776,0.96598,0.96753,0.97051,0.97066,0.97263,0.9429,0.95648,0.96663,0.96139,0.96405,0.96436,0.94345,0.9453,0.94377,0.94551,0.94775,0.94659,0.96952
10,0.93465,0.94331,0.94293,0.94777,0.94831,0.99488,0.99354,0.99572,0.99567,0.99984,1.0,0.99105,0.99819,0.99386,0.53651,0.94253,0.94156,0.93058,0.94057,0.95143,0.97454,0.92188,0.95389,0.95404,0.95113,0.93844,0.93871,0.94164,0.96972,0.96301,0.95891,0.96093,0.93757,0.94001,0.94204,0.96673,0.96737,0.95818,0.9697,0.97092,0.9569,0.96337,0.94116,0.94141,0.9371,0.93764,0.93567,0.93608,0.9552,0.95746,0.95163,0.94505,0.94149,0.94209,0.93703,0.93924,0.96259,0.96228,0.95684,0.95704,0.95054,0.94903,0.93895,0.94037,0.96942,0.95339,0.97083,0.97326,0.96545,0.96944,0.88055,0.93063,0.93322,0.93557,0.96559,0.96826,0.96719,0.96484,0.96466,0.96301,0.96462,0.96774,0.96791,0.97003,0.93923,0.95393,0.96442,0.95954,0.96252,0.96294,0.93964,0.94169,0.93984,0.94174,0.94408,0.94299,0.96687
11,0.96284,0.97045,0.97005,0.97384,0.97296,0.98484,0.97927,0.99272,0.9886,0.99275,0.99105,1.0,0.99132,0.99117,0.52634,0.96843,0.9677,0.95737,0.96588,0.97193,0.98412,0.95219,0.97629,0.97654,0.97483,0.96644,0.96615,0.96915,0.98444,0.98325,0.97888,0.96896,0.965,0.96587,0.96751,0.98149,0.98164,0.97913,0.9856,0.98613,0.97176,0.96778,0.96504,0.96505,0.96495,0.96537,0.96222,0.96239,0.97796,0.97923,0.97531,0.96856,0.96796,0.96838,0.96357,0.96552,0.97889,0.97238,0.97823,0.97842,0.9738,0.97227,0.96519,0.96643,0.98272,0.97777,0.98371,0.98879,0.98373,0.9857,0.90682,0.93737,0.96104,0.96156,0.98025,0.98221,0.98175,0.97879,0.98392,0.98227,0.98314,0.98466,0.98483,0.98546,0.96542,0.97206,0.9797,0.97195,0.97217,0.97189,0.96685,0.96704,0.96579,0.96847,0.96989,0.96867,0.98125
12,0.93447,0.94376,0.94241,0.94781,0.9481,0.99474,0.99384,0.99613,0.99555,0.99802,0.99819,0.99132,1.0,0.99566,0.53478,0.94312,0.94211,0.93317,0.94133,0.9515,0.97315,0.92183,0.95475,0.95516,0.95259,0.93875,0.93926,0.942,0.96869,0.96263,0.95901,0.95923,0.93774,0.94047,0.94237,0.96566,0.96608,0.95809,0.97038,0.97156,0.95806,0.96118,0.94111,0.94156,0.93795,0.93851,0.9363,0.93644,0.95597,0.95819,0.95318,0.94609,0.94236,0.94293,0.93751,0.94018,0.96251,0.96706,0.95804,0.95825,0.95212,0.95007,0.93946,0.94088,0.96816,0.95379,0.96958,0.97221,0.96616,0.96991,0.87157,0.9346,0.93325,0.93588,0.96475,0.96702,0.96647,0.96358,0.96429,0.96358,0.96521,0.96821,0.9686,0.97057,0.93972,0.95472,0.96434,0.96011,0.96255,0.9635,0.94004,0.94212,0.94032,0.94217,0.94455,0.94343,0.96569
13,0.94379,0.95303,0.95173,0.95634,0.95656,0.98983,0.9857,0.99268,0.98949,0.99176,0.99386,0.99117,0.99566,1.0,0.51965,0.95267,0.95181,0.94474,0.95242,0.96231,0.98116,0.93591,0.9615,0.96272,0.95608,0.94735,0.94818,0.95016,0.97475,0.96941,0.96123,0.95544,0.94632,0.95299,0.95469,0.97509,0.97588,0.96574,0.97628,0.97737,0.95535,0.95632,0.95316,0.95349,0.94719,0.94735,0.94935,0.94957,0.96444,0.96527,0.9566,0.94903,0.95207,0.95253,0.95038,0.95222,0.97193,0.97651,0.96462,0.96518,0.95442,0.95316,0.95257,0.95376,0.97732,0.96094,0.97829,0.97809,0.9729,0.97596,0.90503,0.92951,0.94144,0.94871,0.97442,0.97652,0.97557,0.97299,0.97119,0.96979,0.97203,0.97488,0.97488,0.97644,0.95276,0.95468,0.96391,0.95652,0.95849,0.95847,0.94856,0.95428,0.9528,0.95056,0.95268,0.95528,0.9753
14,0.50772,0.51101,0.51206,0.51347,0.51327,0.53363,0.53472,0.5309,0.53287,0.53527,0.53703,0.52828,0.53612,0.51974,1.0,0.509,0.50784,0.50181,0.50864,0.51129,0.51542,0.50202,0.51397,0.5129,0.52058,0.51044,0.50908,0.51156,0.51601,0.5149,0.52403,0.53233,0.51052,0.50946,0.50909,0.51314,0.51291,0.51398,0.51978,0.51958,0.52834,0.53444,0.50828,0.50786,0.50813,0.50786,0.50908,0.50814,0.51255,0.51474,0.52067,0.51858,0.50884,0.51032,0.50768,0.5087,0.51236,0.51017,0.51436,0.51431,0.52098,0.51992,0.50946,0.50987,0.51327,0.51434,0.51495,0.51921,0.51817,0.51511,0.491,0.28547,0.50704,0.50818,0.5123,0.51351,0.51314,0.5123,0.51554,0.51327,0.51365,0.51602,0.51642,0.51902,0.50939,0.52431,0.5278,0.52823,0.5307,0.53181,0.50969,0.51011,0.50957,0.51078,0.511,0.50969,0.51326
15,0.99136,0.99721,0.99555,0.99641,0.99268,0.9319,0.9217,0.95287,0.948,0.94591,0.94253,0.96843,0.94312,0.95266,0.50858,1.0,0.99995,0.98908,0.99696,0.99324,0.9793,0.98615,0.99773,0.99778,0.98674,0.99481,0.99234,0.99547,0.98355,0.99289,0.97776,0.93978,0.99197,0.99654,0.99656,0.98742,0.98603,0.98947,0.99201,0.99122,0.95844,0.93305,0.99473,0.99409,0.99907,0.99876,0.99584,0.99574,0.99779,0.99726,0.98521,0.97651,0.99998,0.99996,0.9973,0.9979,0.98911,0.96518,0.99676,0.99683,0.98425,0.98262,0.99661,0.9968,0.98516,0.99442,0.9846,0.98694,0.99442,0.99216,0.92423,0.90287,0.99124,0.99294,0.98671,0.9858,0.98671,0.98214,0.99238,0.99565,0.99493,0.99317,0.9932,0.99162,0.99655,0.96546,0.96786,0.95413,0.9481,0.94372,0.99133,0.99683,0.99659,0.99155,0.99244,0.9973,0.98583
16,0.99144,0.99721,0.99562,0.99636,0.99255,0.93087,0.92052,0.95193,0.94698,0.94505,0.94156,0.9677,0.94211,0.95181,0.50763,0.99995,1.0,0.98899,0.99692,0.99301,0.97876,0.98649,0.99745,0.99752,0.98647,0.99488,0.99234,0.99549,0.9832,0.9927,0.97719,0.93888,0.99202,0.99653,0.99651,0.98703,0.98563,0.98933,0.99155,0.99074,0.95783,0.93198,0.99468,0.994,0.99911,0.9988,0.99583,0.99574,0.99754,0.99697,0.9848,0.97619,0.99997,0.99994,0.9973,0.99773,0.98874,0.96426,0.9964,0.99652,0.98377,0.98227,0.99664,0.99679,0.98472,0.99434,0.98418,0.98667,0.99407,0.99178,0.92472,0.90184,0.99132,0.99295,0.9863,0.98537,0.98626,0.98172,0.99219,0.99522,0.99456,0.99279,0.99276,0.99117,0.99656,0.96495,0.96727,0.95343,0.94729,0.94284,0.99139,0.99682,0.99659,0.99154,0.99236,0.99727,0.98542
17,0.97586,0.98269,0.98049,0.9816,0.97908,0.92484,0.91381,0.94166,0.93562,0.93524,0.93058,0.95737,0.93317,0.94474,0.50167,0.98908,0.98899,1.0,0.99437,0.98999,0.97551,0.99055,0.98701,0.98695,0.96829,0.97868,0.97701,0.97966,0.97074,0.97922,0.9573,0.91679,0.97707,0.9919,0.99154,0.98322,0.98181,0.97604,0.98105,0.9807,0.93695,0.91026,0.99082,0.99026,0.98673,0.98564,0.99194,0.99201,0.9871,0.98688,0.96662,0.95638,0.98901,0.9885,0.99236,0.99213,0.98587,0.97255,0.98504,0.98582,0.96469,0.96277,0.99181,0.99161,0.98081,0.97927,0.9799,0.97373,0.98316,0.98074,0.93165,0.88107,0.97482,0.98822,0.98299,0.98152,0.98261,0.97776,0.97947,0.98547,0.98445,0.98329,0.98247,0.98076,0.99168,0.94359,0.94652,0.93108,0.92547,0.92114,0.97573,0.99163,0.99174,0.9764,0.97791,0.99145,0.98181
18,0.98402,0.99126,0.98912,0.99042,0.98731,0.9323,0.9213,0.95023,0.94589,0.94405,0.94057,0.96588,0.94133,0.95242,0.50618,0.99696,0.99692,0.99437,1.0,0.99653,0.98227,0.99025,0.99466,0.99468,0.97748,0.98706,0.9857,0.98847,0.97956,0.98764,0.96722,0.92668,0.98483,0.99865,0.99851,0.99021,0.98853,0.98468,0.98979,0.98922,0.94684,0.91997,0.99736,0.99678,0.9946,0.99363,0.99893,0.99872,0.99481,0.99453,0.97557,0.96582,0.99701,0.99656,0.99937,0.99944,0.99246,0.97077,0.99304,0.99354,0.97436,0.97241,0.99863,0.99851,0.98775,0.98801,0.98695,0.98248,0.99176,0.98969,0.93286,0.89174,0.98351,0.99483,0.98982,0.98839,0.98945,0.98451,0.98769,0.9932,0.9924,0.99129,0.991,0.98981,0.99856,0.95348,0.95664,0.94162,0.93571,0.93101,0.98415,0.99855,0.99858,0.9849,0.98599,0.9985,0.98869
19,0.97957,0.98676,0.98395,0.98663,0.98566,0.94509,0.93435,0.96045,0.95611,0.95453,0.95143,0.97193,0.9515,0.96231,0.50923,0.99324,0.99301,0.98999,0.99653,1.0,0.99154,0.98486,0.99297,0.99289,0.97233,0.98057,0.98174,0.98269,0.98342,0.98736,0.96381,0.92839,0.98078,0.99696,0.99737,0.99655,0.9956,0.98566,0.99221,0.99218,0.94631,0.92338,0.9981,0.99814,0.98931,0.98828,0.99703,0.99682,0.99354,0.99379,0.97089,0.96162,0.99303,0.99251,0.99653,0.99665,0.99839,0.97603,0.99166,0.99231,0.96889,0.96668,0.99672,0.99687,0.99497,0.98459,0.99426,0.98462,0.99306,0.99206,0.92636,0.88736,0.97862,0.99398,0.99655,0.99534,0.99603,0.99183,0.98801,0.99396,0.99351,0.99367,0.99298,0.99273,0.99673,0.95173,0.95502,0.94183,0.93697,0.93281,0.98033,0.99688,0.99677,0.98124,0.98341,0.99645,0.9956
20,0.96691,0.97539,0.9729,0.97735,0.97792,0.97043,0.96194,0.97976,0.97699,0.97669,0.97454,0.98412,0.97315,0.98116,0.51542,0.9793,0.97876,0.97551,0.98227,0.99154,1.0,0.96799,0.98423,0.98416,0.96431,0.96787,0.97024,0.9711,0.98906,0.98638,0.9626,0.93964,0.96881,0.98354,0.98465,0.9979,0.99825,0.98427,0.9919,0.99276,0.95048,0.93815,0.98476,0.98516,0.97398,0.97332,0.98198,0.98187,0.98577,0.98708,0.964,0.95525,0.97878,0.97854,0.98101,0.98188,0.99671,0.98415,0.98424,0.98503,0.9614,0.95911,0.98294,0.98355,0.99869,0.9786,0.99892,0.98998,0.99029,0.99163,0.91674,0.90033,0.96492,0.98019,0.99798,0.99842,0.99822,0.99501,0.988,0.98977,0.99019,0.99233,0.99152,0.99274,0.98305,0.95255,0.95878,0.94812,0.94624,0.94365,0.96972,0.98384,0.98327,0.97151,0.9744,0.98385,0.99832
21,0.97817,0.98344,0.98202,0.98221,0.97874,0.91211,0.89919,0.93109,0.92655,0.92584,0.92188,0.95219,0.92183,0.9359,0.49704,0.98615,0.98649,0.99055,0.99025,0.98486,0.96799,1.0,0.98089,0.98107,0.96756,0.97874,0.97859,0.98048,0.96617,0.97632,0.95653,0.91144,0.97829,0.98965,0.98958,0.97842,0.97669,0.97539,0.97486,0.97415,0.93544,0.90334,0.98823,0.98776,0.98503,0.98419,0.98992,0.9897,0.9828,0.98185,0.96681,0.95737,0.98632,0.98574,0.98951,0.98976,0.97972,0.96315,0.97866,0.97932,0.96447,0.96198,0.98992,0.98985,0.97508,0.97836,0.97455,0.9708,0.97775,0.97482,0.95937,0.87862,0.97688,0.98718,0.97772,0.9761,0.97769,0.97251,0.97648,0.97982,0.97857,0.97703,0.97648,0.97444,0.98996,0.94357,0.94381,0.92831,0.92117,0.91568,0.97735,0.98964,0.98978,0.9777,0.97756,0.9894,0.97645
22,0.98864,0.99517,0.99327,0.99523,0.99232,0.94546,0.93647,0.96537,0.96052,0.95714,0.9539,0.97629,0.95475,0.9615,0.51286,0.99773,0.99745,0.98701,0.99466,0.99297,0.98423,0.98089,1.0,0.99999,0.98899,0.99283,0.99067,0.99337,0.98751,0.99473,0.98188,0.95088,0.98993,0.99337,0.99382,0.98992,0.98864,0.99064,0.99675,0.9962,0.96645,0.94543,0.99178,0.99132,0.99615,0.99605,0.99247,0.99226,0.99926,0.9993,0.98744,0.97917,0.99752,0.99766,0.99417,0.99505,0.99138,0.97064,0.99982,0.99989,0.98669,0.98538,0.99329,0.99373,0.98838,0.99449,0.98802,0.99057,0.99805,0.99684,0.91878,0.91535,0.98863,0.98941,0.98921,0.98867,0.98933,0.98497,0.99425,0.99846,0.99826,0.9972,0.99734,0.99649,0.99318,0.97168,0.97532,0.96337,0.95798,0.95436,0.98982,0.99385,0.99332,0.99023,0.99159,0.99458,0.98843
23,0.98888,0.99539,0.99356,0.99545,0.9925,0.94543,0.93644,0.96508,0.96047,0.9573,0.95405,0.97654,0.95516,0.96272,0.51287,0.99778,0.99752,0.98695,0.99468,0.99289,0.98416,0.98107,0.99999,1.0,0.98936,0.9931,0.99087,0.99365,0.98759,0.99491,0.98239,0.95129,0.99014,0.99342,0.99385,0.98988,0.98862,0.99087,0.99675,0.99618,0.96692,0.94578,0.99175,0.99128,0.99626,0.99617,0.99245,0.99225,0.99934,0.99936,0.98785,0.97961,0.99757,0.99772,0.99417,0.99506,0.99127,0.97059,0.99983,0.99989,0.98711,0.98579,0.99333,0.99377,0.98834,0.99475,0.98799,0.99077,0.99809,0.99686,0.91921,0.91596,0.98884,0.98946,0.98915,0.98864,0.98929,0.98496,0.99442,0.99851,0.99829,0.99721,0.99736,0.99648,0.99323,0.97216,0.9758,0.96381,0.95838,0.95475,0.99005,0.99392,0.99338,0.99045,0.99176,0.99467,0.9884
24,0.98903,0.99169,0.99254,0.9923,0.98904,0.93829,0.93086,0.9589,0.95413,0.95437,0.95113,0.97483,0.95259,0.95608,0.51951,0.98674,0.98647,0.96829,0.97748,0.97233,0.96431,0.96756,0.98899,0.98936,1.0,0.9937,0.98981,0.99341,0.98026,0.98937,0.99718,0.97391,0.98969,0.97606,0.97713,0.97086,0.96955,0.98531,0.98562,0.9845,0.98489,0.96754,0.97335,0.97279,0.98836,0.9895,0.97312,0.973,0.9894,0.98884,0.99955,0.99469,0.98675,0.98749,0.97673,0.97852,0.97053,0.95512,0.99027,0.98957,0.99974,0.99962,0.97588,0.97744,0.96952,0.99344,0.96952,0.98513,0.98754,0.98599,0.908,0.94501,0.9895,0.97293,0.96918,0.96985,0.97023,0.96664,0.98786,0.98802,0.98765,0.98549,0.98628,0.98423,0.97594,0.99012,0.99173,0.98347,0.97898,0.97596,0.99028,0.97743,0.97611,0.9902,0.98942,0.97925,0.96907
25,0.996,0.99894,0.99922,0.99852,0.99411,0.92445,0.9151,0.94791,0.94255,0.9423,0.93844,0.96645,0.93875,0.94735,0.51044,0.99481,0.99488,0.97868,0.98706,0.98057,0.96787,0.97874,0.99283,0.9931,0.9937,1.0,0.99592,0.9997,0.98263,0.99364,0.98854,0.95425,0.9961,0.98714,0.98757,0.97704,0.97592,0.98993,0.98695,0.9857,0.9715,0.94651,0.98378,0.98301,0.9973,0.99798,0.9847,0.98504,0.994,0.99311,0.99355,0.98775,0.99491,0.99549,0.98722,0.98835,0.97659,0.95501,0.99262,0.99231,0.99267,0.99191,0.98738,0.98809,0.97512,0.99781,0.97484,0.987,0.9899,0.98741,0.92079,0.92097,0.99609,0.98417,0.97579,0.97587,0.9764,0.97255,0.99245,0.99095,0.9903,0.98779,0.98816,0.98578,0.98735,0.97863,0.97957,0.96761,0.96149,0.95729,0.99591,0.98807,0.98737,0.99564,0.99519,0.98939,0.97557
26,0.99964,0.99619,0.99616,0.99612,0.99892,0.92562,0.916,0.94766,0.94253,0.94254,0.93871,0.96615,0.93927,0.94818,0.50908,0.99234,0.99234,0.97701,0.9857,0.98174,0.97024,0.97859,0.99067,0.99087,0.98981,0.99592,1.0,0.99617,0.98888,0.99184,0.98445,0.95633,0.99987,0.98609,0.98733,0.97862,0.97747,0.9955,0.98564,0.98464,0.9736,0.94878,0.9843,0.98448,0.99422,0.9948,0.98429,0.98456,0.99208,0.99124,0.98987,0.99024,0.99242,0.99272,0.98606,0.98706,0.97819,0.96303,0.99026,0.99012,0.98848,0.98756,0.98656,0.98765,0.97687,0.99515,0.97656,0.98587,0.9884,0.98606,0.91977,0.91607,0.99948,0.99002,0.97766,0.97746,0.97807,0.98012,0.99094,0.98938,0.98873,0.98684,0.9868,0.9847,0.98634,0.98081,0.97557,0.96983,0.96389,0.95979,0.9999,0.98693,0.98621,0.9998,0.99962,0.98796,0.97747
27,0.9961,0.99948,0.99978,0.99919,0.99508,0.9278,0.91824,0.95026,0.94508,0.94572,0.94164,0.96915,0.942,0.95016,0.51125,0.99547,0.99549,0.97966,0.98847,0.98269,0.9711,0.98048,0.99337,0.99365,0.99341,0.9997,0.99617,1.0,0.9845,0.99496,0.98841,0.95392,0.99622,0.98894,0.98938,0.97996,0.97893,0.99154,0.98825,0.98712,0.97126,0.94637,0.98541,0.98469,0.99745,0.99802,0.98643,0.98681,0.99487,0.99404,0.99344,0.98705,0.99551,0.99595,0.98861,0.98975,0.97915,0.95821,0.99304,0.99287,0.99205,0.99112,0.98915,0.98984,0.97815,0.99867,0.97797,0.98917,0.9911,0.98881,0.92388,0.91987,0.99584,0.98593,0.97878,0.97887,0.97944,0.97552,0.99402,0.99217,0.99151,0.98924,0.98944,0.98723,0.98913,0.97818,0.97955,0.96732,0.96131,0.95717,0.99616,0.98984,0.98914,0.99614,0.99566,0.99109,0.97864
28,0.98647,0.98631,0.98549,0.98829,0.99332,0.96099,0.95305,0.97569,0.97218,0.97241,0.96972,0.98444,0.96869,0.97475,0.51499,0.98355,0.9832,0.97074,0.97956,0.98342,0.98906,0.96617,0.98751,0.98759,0.98026,0.98263,0.98888,0.9845,1.0,0.99454,0.98085,0.96467,0.98794,0.98047,0.9821,0.98973,0.98998,0.99784,0.99232,0.99247,0.97478,0.96109,0.97958,0.98023,0.98207,0.98249,0.97758,0.9779,0.98937,0.98997,0.98096,0.98022,0.98319,0.98351,0.97835,0.9798,0.98713,0.98072,0.98818,0.9884,0.97867,0.97723,0.98038,0.98158,0.99047,0.99032,0.99093,0.99586,0.99196,0.99248,0.91538,0.92291,0.9851,0.98379,0.98928,0.99033,0.99008,0.99331,0.99491,0.9914,0.99171,0.99246,0.99218,0.99212,0.98023,0.97789,0.97734,0.97314,0.9705,0.96802,0.98912,0.98139,0.98035,0.99029,0.99185,0.98238,0.99004
29,0.99019,0.99603,0.99546,0.9972,0.99444,0.95239,0.94354,0.97034,0.96605,0.96621,0.96301,0.98325,0.96263,0.96941,0.5149,0.99289,0.9927,0.97922,0.98764,0.98736,0.98638,0.97632,0.99473,0.99491,0.98937,0.99364,0.99184,0.99496,0.99454,1.0,0.98782,0.96057,0.99114,0.9886,0.98925,0.99051,0.99028,0.99609,0.9957,0.99531,0.97342,0.95536,0.9856,0.98518,0.99255,0.99299,0.98551,0.98587,0.99638,0.99649,0.98981,0.98268,0.99269,0.99306,0.98698,0.98822,0.98845,0.97268,0.99504,0.99518,0.98777,0.98645,0.98851,0.98929,0.99015,0.99832,0.99041,0.99819,0.99666,0.99617,0.92186,0.92453,0.98914,0.98503,0.98963,0.99044,0.99047,0.98696,0.99989,0.99682,0.9967,0.99611,0.99607,0.99522,0.98837,0.97787,0.98209,0.97075,0.96702,0.96389,0.99199,0.98951,0.98852,0.99272,0.99362,0.9907,0.99005
30,0.98364,0.98598,0.98768,0.98746,0.98469,0.94499,0.93858,0.9639,0.9602,0.96171,0.95891,0.97888,0.95901,0.96123,0.52257,0.97776,0.97719,0.9573,0.96722,0.96381,0.9626,0.95653,0.98188,0.98239,0.99718,0.98854,0.98445,0.98841,0.98085,0.98782,1.0,0.98145,0.98437,0.96663,0.96796,0.96723,0.96665,0.9834,0.98252,0.98157,0.99282,0.9798,0.96344,0.96302,0.97978,0.98131,0.96202,0.96238,0.98339,0.98332,0.99821,0.99509,0.97761,0.9785,0.96575,0.96796,0.96477,0.95196,0.98376,0.9832,0.99795,0.99787,0.96649,0.96813,0.967,0.99076,0.96741,0.98616,0.98362,0.98301,0.90056,0.953,0.98325,0.96367,0.96546,0.96712,0.96696,0.96416,0.98648,0.98345,0.98333,0.98194,0.98275,0.98104,0.96642,0.99548,0.99838,0.99014,0.98869,0.98309,0.98554,0.96831,0.96667,0.98579,0.98482,0.97049,0.96608
31,0.95439,0.95053,0.95275,0.95394,0.95901,0.95012,0.94774,0.96371,0.96215,0.96222,0.96093,0.96896,0.95923,0.95544,0.52984,0.93978,0.93888,0.91679,0.92668,0.92839,0.93964,0.91144,0.95088,0.95129,0.97391,0.95425,0.95633,0.95392,0.96467,0.96057,0.98145,1.0,0.95621,0.9246,0.92778,0.93852,0.93824,0.96116,0.95853,0.95811,0.99498,0.99923,0.92381,0.92447,0.94108,0.9437,0.91914,0.91938,0.95169,0.95292,0.97523,0.9802,0.93938,0.94078,0.9237,0.92632,0.93483,0.93499,0.95502,0.95397,0.97499,0.976,0.92433,0.92698,0.94011,0.9606,0.94115,0.9639,0.95739,0.95818,0.86228,0.97524,0.9546,0.9269,0.93656,0.93931,0.93861,0.94124,0.95936,0.95483,0.95565,0.95578,0.95738,0.9565,0.92438,0.99081,0.99155,0.99819,0.99942,0.99976,0.95842,0.92716,0.92473,0.95897,0.95833,0.92982,0.93775
32,0.99979,0.996,0.9962,0.99578,0.99858,0.9239,0.91428,0.94618,0.94097,0.94139,0.93757,0.965,0.93774,0.94632,0.51052,0.99197,0.99202,0.97707,0.98483,0.98078,0.96881,0.97829,0.98993,0.99014,0.98969,0.9961,0.99987,0.99622,0.98794,0.99114,0.98437,0.95621,1.0,0.98563,0.98682,0.97742,0.97649,0.99493,0.98456,0.98353,0.97369,0.94845,0.98375,0.98392,0.99414,0.99476,0.98375,0.98404,0.99144,0.99059,0.9899,0.99035,0.99207,0.99238,0.98558,0.98658,0.97695,0.96222,0.98949,0.98932,0.98841,0.98754,0.98606,0.98717,0.97576,0.99477,0.97542,0.98497,0.98747,0.98509,0.92234,0.91593,0.99964,0.98956,0.97657,0.97647,0.97702,0.979,0.99025,0.98854,0.98792,0.98585,0.98578,0.98363,0.9859,0.98079,0.97548,0.96969,0.9637,0.95952,0.99985,0.98648,0.98576,0.99976,0.99934,0.98749,0.97636
33,0.98506,0.99197,0.98982,0.99111,0.98799,0.9311,0.91976,0.94922,0.94425,0.94391,0.94001,0.96587,0.94047,0.95299,0.50946,0.99654,0.99653,0.9919,0.99865,0.99696,0.98354,0.98965,0.99337,0.99342,0.97606,0.98714,0.98609,0.98894,0.98047,0.9886,0.96663,0.9246,0.98563,1.0,0.9998,0.9916,0.99061,0.98594,0.98937,0.98889,0.94548,0.91789,0.99861,0.99813,0.99479,0.99383,0.99938,0.99964,0.99494,0.99451,0.97502,0.9651,0.99652,0.99609,0.9992,0.9993,0.99294,0.96888,0.99156,0.99214,0.97279,0.97069,0.99996,0.99984,0.9894,0.98846,0.98868,0.98361,0.99155,0.98948,0.93182,0.88554,0.98402,0.99635,0.99138,0.99015,0.99098,0.98627,0.98878,0.99327,0.99232,0.99123,0.99071,0.98939,0.99998,0.95262,0.9555,0.94008,0.93385,0.92908,0.98485,0.99995,0.99999,0.98546,0.98674,0.9998,0.99048
34,0.98622,0.99239,0.99032,0.9917,0.98925,0.9333,0.92212,0.95115,0.9462,0.9461,0.94204,0.96751,0.94237,0.95469,0.50909,0.99656,0.99651,0.99154,0.99851,0.99737,0.98465,0.98958,0.99382,0.99385,0.97713,0.98757,0.98733,0.98938,0.9821,0.98925,0.96796,0.92778,0.98682,0.9998,1.0,0.9924,0.99142,0.98716,0.99021,0.98977,0.94791,0.92115,0.99889,0.99861,0.99487,0.99401,0.99919,0.99943,0.99546,0.99505,0.97615,0.96723,0.99655,0.99611,0.99885,0.99916,0.9936,0.97004,0.99212,0.99267,0.97389,0.97188,0.99982,0.99995,0.99031,0.98908,0.9896,0.9844,0.99228,0.99032,0.93196,0.88963,0.98518,0.99674,0.99219,0.99099,0.99182,0.98726,0.98958,0.99381,0.99293,0.99209,0.99149,0.99026,0.99981,0.95489,0.95747,0.94297,0.93652,0.93179,0.98611,0.99983,0.99977,0.98675,0.98799,0.99966,0.99134
35,0.9759,0.98384,0.98147,0.98501,0.98465,0.96054,0.95117,0.97317,0.96976,0.96941,0.96673,0.98149,0.96566,0.97509,0.513,0.98742,0.98703,0.98322,0.99021,0.99655,0.9979,0.97842,0.98992,0.98988,0.97086,0.97704,0.97862,0.97996,0.98973,0.99051,0.96723,0.93852,0.97742,0.9916,0.9924,1.0,0.99978,0.98836,0.99471,0.99513,0.95242,0.93548,0.99234,0.99257,0.9833,0.98259,0.98997,0.99016,0.99177,0.99262,0.97069,0.96165,0.98703,0.98673,0.9891,0.98981,0.99904,0.98293,0.98941,0.99012,0.96782,0.96558,0.99116,0.9916,0.9997,0.98508,0.9996,0.99132,0.99429,0.99465,0.92436,0.89857,0.97427,0.98832,0.99992,0.99977,0.99995,0.99619,0.99166,0.99424,0.99426,0.99565,0.99472,0.99536,0.99123,0.95615,0.96117,0.9492,0.94592,0.94269,0.97785,0.99184,0.99136,0.97926,0.98164,0.99179,0.99981
36,0.97489,0.98286,0.98071,0.98419,0.98385,0.96127,0.95176,0.97342,0.96983,0.97001,0.96737,0.98164,0.96608,0.97588,0.51291,0.98603,0.98563,0.98181,0.98853,0.9956,0.99825,0.97669,0.98864,0.98862,0.96955,0.97592,0.97747,0.97893,0.98998,0.99028,0.96665,0.93824,0.97649,0.99061,0.99142,0.99978,1.0,0.98816,0.994,0.99449,0.95201,0.9348,0.99121,0.99137,0.98194,0.98125,0.98881,0.98907,0.99078,0.99166,0.96951,0.96073,0.98563,0.98536,0.98783,0.98855,0.99842,0.98245,0.98813,0.98891,0.96661,0.96434,0.99016,0.9906,0.99992,0.98452,0.99978,0.99163,0.99333,0.99395,0.92445,0.89903,0.97297,0.98726,0.99984,0.99998,0.9999,0.99639,0.9916,0.99348,0.99348,0.99485,0.99411,0.99455,0.99024,0.95545,0.96081,0.9487,0.94565,0.94243,0.97693,0.99087,0.99038,0.97848,0.98079,0.99082,0.99995
37,0.99411,0.9927,0.99228,0.99383,0.99814,0.94742,0.93835,0.96514,0.96075,0.96148,0.95818,0.97913,0.95809,0.96574,0.51398,0.98947,0.98933,0.97604,0.98468,0.98566,0.98427,0.97539,0.99064,0.99087,0.98531,0.98993,0.9955,0.99154,0.99784,0.99609,0.9834,0.96116,0.99493,0.98594,0.98716,0.98836,0.98816,1.0,0.99154,0.99126,0.97495,0.95569,0.98426,0.98475,0.98915,0.98956,0.98331,0.98361,0.99273,0.99273,0.98582,0.98528,0.9893,0.98956,0.98425,0.98564,0.98638,0.97624,0.99079,0.99096,0.98364,0.98228,0.98589,0.98717,0.98809,0.99476,0.98811,0.99439,0.99253,0.99183,0.92312,0.91941,0.99294,0.98945,0.98772,0.9883,0.98833,0.99123,0.99615,0.9928,0.99251,0.99228,0.99197,0.99106,0.98574,0.97975,0.97728,0.97193,0.96802,0.96483,0.9958,0.98663,0.98575,0.99655,0.99735,0.98774,0.98818
38,0.98289,0.99043,0.98869,0.99166,0.98974,0.96308,0.95523,0.97887,0.9751,0.97235,0.9697,0.9856,0.97038,0.97628,0.51732,0.99201,0.99155,0.98105,0.98979,0.99221,0.9919,0.97486,0.99675,0.99675,0.98562,0.98695,0.98564,0.98825,0.99232,0.9957,0.98252,0.95853,0.98456,0.98937,0.99021,0.99471,0.994,0.99154,1.0,0.99995,0.96934,0.95495,0.98852,0.98837,0.98948,0.98947,0.98726,0.98732,0.99715,0.99788,0.98503,0.97667,0.99162,0.99184,0.98836,0.98963,0.9943,0.97863,0.99724,0.99747,0.98347,0.98202,0.98898,0.98966,0.99426,0.99244,0.99419,0.99505,0.99968,0.99988,0.91614,0.92242,0.9823,0.98519,0.99397,0.99421,0.99435,0.99048,0.99581,0.999,0.99928,0.99984,0.99993,0.99992,0.98897,0.97263,0.97847,0.96774,0.9646,0.9619,0.98511,0.99008,0.98924,0.98618,0.98795,0.99088,0.99371
39,0.9818,0.98946,0.98763,0.99079,0.98904,0.96468,0.9569,0.97995,0.97623,0.97349,0.97092,0.98613,0.97156,0.97737,0.51766,0.99122,0.99074,0.9807,0.98922,0.99218,0.99276,0.97415,0.9962,0.99618,0.9845,0.9857,0.98464,0.98712,0.99247,0.99531,0.98157,0.95811,0.98353,0.98889,0.98977,0.99513,0.99449,0.99126,0.99995,1.0,0.9686,0.95474,0.98821,0.98807,0.98845,0.98842,0.98674,0.98686,0.9966,0.99742,0.98391,0.97553,0.99081,0.99101,0.98778,0.98892,0.9947,0.97943,0.9967,0.99697,0.98229,0.9808,0.9885,0.98921,0.9948,0.99163,0.99475,0.99495,0.99917,0.9998,0.91574,0.92175,0.98116,0.98475,0.99445,0.9947,0.99481,0.99098,0.99552,0.99872,0.99904,0.99977,0.99983,0.99994,0.98847,0.97178,0.9777,0.96711,0.96413,0.96151,0.98412,0.9896,0.98876,0.98515,0.98713,0.99036,0.99421
40,0.97261,0.96821,0.97039,0.97102,0.97496,0.94372,0.93901,0.96011,0.95744,0.9589,0.9569,0.97176,0.95806,0.95535,0.52593,0.95844,0.95783,0.93695,0.94684,0.94631,0.95048,0.93545,0.96645,0.96692,0.98489,0.9715,0.9736,0.97126,0.97478,0.97342,0.99282,0.99498,0.97369,0.94548,0.94791,0.95242,0.95201,0.97495,0.96934,0.9686,1.0,0.9922,0.94407,0.94469,0.96075,0.96266,0.94069,0.94111,0.96775,0.96786,0.98581,0.99103,0.95824,0.95935,0.94483,0.94727,0.94966,0.94463,0.96817,0.96851,0.98657,0.98693,0.9451,0.94775,0.95309,0.97576,0.9537,0.97375,0.9699,0.96922,0.88352,0.96519,0.97235,0.94822,0.95064,0.95271,0.95227,0.95474,0.97198,0.96825,0.96837,0.96857,0.96891,0.96757,0.94545,0.99807,0.9955,0.99824,0.99749,0.99548,0.97532,0.9477,0.94569,0.9757,0.97507,0.94992,0.95157
41,0.94638,0.94325,0.94518,0.94694,0.95211,0.95394,0.95243,0.96573,0.96485,0.96419,0.96337,0.96778,0.96118,0.95632,0.53222,0.93305,0.93198,0.91026,0.91997,0.92338,0.93815,0.90335,0.94543,0.94578,0.96754,0.94651,0.94878,0.94637,0.96109,0.95536,0.9798,0.99923,0.94845,0.91789,0.92115,0.93548,0.9348,0.95569,0.95495,0.95474,0.9922,1.0,0.9175,0.91828,0.93387,0.93621,0.9125,0.91276,0.94598,0.94699,0.96874,0.97341,0.93247,0.9339,0.9169,0.91991,0.93116,0.93171,0.94987,0.94884,0.96846,0.96944,0.9175,0.92018,0.93697,0.95399,0.93811,0.96016,0.95318,0.95449,0.85655,0.97656,0.94663,0.91988,0.93301,0.93595,0.93565,0.9378,0.95432,0.95025,0.95212,0.95255,0.95346,0.9538,0.91754,0.98643,0.98835,0.9959,0.99812,0.99892,0.95089,0.92047,0.91796,0.95156,0.95126,0.92312,0.93427
42,0.98316,0.98891,0.98646,0.98802,0.98647,0.93273,0.92168,0.9498,0.9451,0.94463,0.94116,0.96504,0.94111,0.95316,0.50828,0.99473,0.99468,0.99082,0.99736,0.9981,0.98476,0.98823,0.99178,0.99175,0.97335,0.98378,0.9843,0.98541,0.97958,0.9856,0.96344,0.92381,0.98375,0.99861,0.99889,0.99234,0.99121,0.98426,0.98852,0.98821,0.94407,0.9175,1.0,0.99985,0.99258,0.99153,0.99831,0.99847,0.99328,0.99298,0.97227,0.96343,0.99473,0.99418,0.99779,0.99778,0.9941,0.96978,0.98995,0.99054,0.96993,0.96783,0.99856,0.99869,0.99012,0.98499,0.98925,0.98095,0.99047,0.98851,0.92817,0.88322,0.98241,0.99613,0.99227,0.99085,0.9917,0.98734,0.98592,0.992,0.99121,0.99048,0.98978,0.98878,0.99862,0.95104,0.95276,0.93893,0.93294,0.92828,0.98282,0.9985,0.99856,0.98341,0.98495,0.998,0.99121
43,0.98323,0.98824,0.98578,0.98745,0.98681,0.93335,0.92229,0.95013,0.94542,0.94486,0.94141,0.96505,0.94156,0.95349,0.50786,0.99409,0.994,0.99026,0.99678,0.99814,0.98516,0.98776,0.99132,0.99128,0.97279,0.98301,0.98448,0.98469,0.98023,0.98518,0.96302,0.92447,0.98392,0.99813,0.99861,0.99257,0.99137,0.98475,0.98837,0.98807,0.94469,0.91828,0.99985,1.0,0.99183,0.99077,0.99796,0.99809,0.99284,0.99257,0.9717,0.96365,0.99407,0.9935,0.99729,0.99728,0.99431,0.97055,0.98954,0.99011,0.96938,0.96729,0.9981,0.99827,0.99038,0.98437,0.98952,0.98066,0.99019,0.98829,0.92779,0.8827,0.98248,0.99644,0.99255,0.99103,0.99195,0.98815,0.98556,0.99168,0.99086,0.99032,0.98961,0.9886,0.99813,0.95145,0.95252,0.93948,0.93362,0.92895,0.983,0.99796,0.99798,0.98364,0.98519,0.99742,0.99148
44,0.99382,0.99841,0.99733,0.9975,0.99332,0.9253,0.91506,0.94756,0.94243,0.94091,0.9371,0.96495,0.93795,0.94719,0.50813,0.99907,0.99911,0.98673,0.9946,0.98931,0.97398,0.98503,0.99615,0.99626,0.98836,0.9973,0.99422,0.99745,0.98207,0.99255,0.97978,0.94108,0.99414,0.99479,0.99487,0.9833,0.98194,0.98915,0.98948,0.98845,0.96075,0.93387,0.99258,0.99183,1.0,0.99992,0.99359,0.9938,0.99677,0.99598,0.98746,0.9796,0.99916,0.99924,0.9953,0.99584,0.98439,0.95952,0.99513,0.99514,0.98616,0.98493,0.995,0.99531,0.98096,0.99536,0.98043,0.98555,0.99244,0.9898,0.92507,0.90521,0.99377,0.99148,0.98252,0.98173,0.98263,0.9781,0.99178,0.9938,0.99293,0.99077,0.99083,0.98884,0.99492,0.96794,0.9696,0.95599,0.94963,0.94496,0.99339,0.99519,0.9949,0.99342,0.99378,0.99585,0.98174
45,0.99448,0.99874,0.99784,0.99792,0.99372,0.92562,0.91553,0.94801,0.94293,0.94145,0.93764,0.96537,0.93851,0.94735,0.50786,0.99876,0.9988,0.98564,0.99363,0.98828,0.97332,0.98419,0.99605,0.99617,0.9895,0.99798,0.9948,0.99802,0.98249,0.99299,0.98131,0.9437,0.99476,0.99383,0.99401,0.98259,0.98125,0.98956,0.98947,0.98842,0.96266,0.93621,0.99153,0.99077,0.99992,1.0,0.99246,0.99268,0.99668,0.99587,0.98867,0.98113,0.99885,0.99899,0.99431,0.99495,0.98352,0.95901,0.99516,0.99512,0.98744,0.9863,0.99406,0.99446,0.98032,0.99595,0.9798,0.98598,0.99242,0.98982,0.92271,0.90802,0.99448,0.99059,0.98176,0.98108,0.98195,0.97748,0.99217,0.99373,0.99293,0.99069,0.99079,0.98877,0.99398,0.96986,0.97135,0.95814,0.9518,0.94706,0.99408,0.99432,0.99396,0.99407,0.99443,0.99507,0.98104
46,0.98305,0.98984,0.98733,0.98879,0.98604,0.92732,0.91576,0.94573,0.9406,0.93935,0.93567,0.96222,0.9363,0.94935,0.50514,0.99584,0.99583,0.99194,0.99893,0.99703,0.98198,0.98992,0.99247,0.99245,0.97312,0.9847,0.98429,0.98643,0.97758,0.98551,0.96202,0.91914,0.98375,0.99938,0.99919,0.98997,0.98881,0.98331,0.98726,0.98674,0.94069,0.9125,0.99831,0.99796,0.99359,0.99246,1.0,0.99983,0.99329,0.99282,0.97145,0.96176,0.99584,0.99525,0.99965,0.99948,0.99238,0.96682,0.99039,0.99102,0.96947,0.96735,0.99942,0.99925,0.98755,0.98555,0.98667,0.97992,0.98951,0.98725,0.9305,0.87934,0.98216,0.99602,0.9899,0.98839,0.98926,0.9845,0.9858,0.99125,0.99025,0.9892,0.98856,0.98736,0.99936,0.9482,0.95031,0.93502,0.92863,0.9239,0.98277,0.99913,0.9993,0.98337,0.98481,0.99879,0.9888
47,0.98336,0.99015,0.9877,0.98911,0.9863,0.92737,0.91579,0.94575,0.94053,0.93973,0.93608,0.96239,0.93644,0.94957,0.50814,0.99574,0.99574,0.99201,0.99872,0.99682,0.98187,0.9897,0.99226,0.99225,0.973,0.98504,0.98456,0.98681,0.9779,0.98587,0.96238,0.91938,0.98404,0.99964,0.99943,0.99016,0.98907,0.98361,0.98732,0.98686,0.94111,0.91276,0.99847,0.99809,0.9938,0.99268,0.99983,1.0,0.99343,0.99297,0.97168,0.96182,0.99575,0.99517,0.99948,0.99933,0.9922,0.96657,0.99018,0.99082,0.96947,0.96735,0.99968,0.99949,0.98779,0.98594,0.98691,0.98036,0.98966,0.9874,0.93112,0.87968,0.98244,0.99624,0.9901,0.98864,0.98947,0.98473,0.98618,0.99143,0.99042,0.98934,0.98874,0.98748,0.99962,0.94834,0.95064,0.93527,0.92887,0.92396,0.98306,0.99941,0.99957,0.98368,0.98507,0.99909,0.98902
48,0.9904,0.99659,0.99508,0.99678,0.994,0.94587,0.93658,0.96501,0.9602,0.95853,0.9552,0.97796,0.95597,0.96444,0.51255,0.99779,0.99754,0.9871,0.99481,0.99354,0.98577,0.9828,0.99926,0.99934,0.9894,0.994,0.99208,0.99487,0.98937,0.99638,0.98339,0.95169,0.99144,0.99494,0.99546,0.99177,0.99078,0.99273,0.99715,0.9966,0.96775,0.94598,0.99328,0.99284,0.99677,0.99668,0.99329,0.99343,1.0,0.99992,0.98868,0.9806,0.99762,0.99778,0.99449,0.99546,0.99214,0.97199,0.999,0.99912,0.98706,0.98574,0.99484,0.99537,0.99039,0.9962,0.99009,0.99261,0.99854,0.99734,0.92275,0.91576,0.99001,0.99121,0.99109,0.9908,0.99131,0.98707,0.99618,0.99913,0.99879,0.99785,0.99785,0.99683,0.99482,0.97247,0.97662,0.96438,0.95899,0.95525,0.99147,0.99551,0.99494,0.99194,0.99306,0.99622,0.9906
49,0.98939,0.99585,0.99427,0.99619,0.99349,0.94854,0.93946,0.96725,0.96295,0.9607,0.95746,0.97923,0.95819,0.96527,0.51474,0.99726,0.99697,0.98688,0.99453,0.99379,0.98708,0.98185,0.9993,0.99936,0.98884,0.99311,0.99124,0.99404,0.98997,0.99649,0.98332,0.95292,0.99059,0.99451,0.99505,0.99262,0.99166,0.99273,0.99788,0.99742,0.96786,0.94699,0.99298,0.99257,0.99598,0.99587,0.99282,0.99297,0.99992,1.0,0.98814,0.97994,0.99706,0.99715,0.994,0.99499,0.99289,0.9721,0.99913,0.99929,0.98663,0.98521,0.99436,0.99489,0.99137,0.99581,0.99109,0.99318,0.99902,0.99802,0.92193,0.91647,0.98895,0.99067,0.99195,0.9917,0.99218,0.98797,0.99637,0.99943,0.9992,0.99845,0.99847,0.99762,0.99434,0.97245,0.9768,0.9647,0.9601,0.95647,0.99063,0.99508,0.99448,0.9912,0.99248,0.99579,0.99147
